85.47521209716797 124.97918701171875 154.74398803710938 213.1959228515625 0.9632996320724487
80.73141479492188 103.36701965332031 156.78172302246094 216.0320587158203 0.9820858240127563
78.11751556396484 104.10171508789062 155.18295288085938 209.3602294921875 0.9974691867828369
76.84003448486328 104.17352294921875 154.06451416015625 209.467529296875 0.9968607425689697
76.99330139160156 103.29876708984375 152.04127502441406 209.40875244140625 0.997563362121582
73.85482788085938 100.35734558105469 147.84078979492188 211.3749237060547 0.9953781366348267
70.28347778320312 100.29792022705078 143.85052490234375 213.95846557617188 0.9953385591506958
69.32809448242188 101.05712127685547 140.90748596191406 209.849365234375 0.9972302317619324
69.1025619506836 100.62345886230469 140.73312377929688 212.27622985839844 0.9948546886444092
68.54182434082031 101.2088851928711 141.83021545410156 213.33633422851562 0.994856595993042
70.4986343383789 99.77967834472656 137.97018432617188 209.69346618652344 0.9962766766548157
68.06593322753906 100.69996643066406 137.5687713623047 210.78916931152344 0.9980429410934448
66.1067886352539 97.20555114746094 137.97958374023438 208.5307159423828 0.9969958066940308
67.072265625 99.28321838378906 137.3982391357422 212.5341033935547 0.9972526431083679
67.33595275878906 101.81956481933594 139.23692321777344 207.90550231933594 0.9957120418548584
66.1648178100586 97.78013610839844 139.23477172851562 208.5015411376953 0.9976984858512878
68.46055603027344 99.76666259765625 138.87681579589844 209.74591064453125 0.9946655035018921
68.95213317871094 99.4127426147461 139.3497772216797 208.55563354492188 0.9984170198440552
68.29310607910156 99.80558776855469 139.81007385253906 209.57728576660156 0.9980753660202026
68.09513854980469 98.87875366210938 140.6660919189453 210.36038208007812 0.9967489242553711
68.17933654785156 101.33647918701172 140.6769561767578 209.44247436523438 0.998506486415863
69.76848602294922 100.90557861328125 142.21636962890625 209.18807983398438 0.9993404746055603
69.00775146484375 100.84014129638672 139.2866973876953 208.94613647460938 0.9983593821525574
70.3760986328125 102.27731323242188 140.74110412597656 211.5555419921875 0.9958380460739136
70.64591979980469 103.82329559326172 143.13653564453125 211.497314453125 0.9981386661529541
69.78976440429688 105.39913940429688 144.87835693359375 215.35287475585938 0.9941456317901611
69.56156921386719 110.913330078125 145.90869140625 211.85061645507812 0.9980899691581726
71.90110778808594 110.26806640625 143.72044372558594 211.03524780273438 0.9983116388320923
71.94602966308594 109.61006164550781 143.1477508544922 213.57615661621094 0.9987296462059021
71.33613586425781 116.49610900878906 146.78163146972656 215.16285705566406 0.998569130897522
73.30331420898438 122.45465850830078 148.63394165039062 221.77777099609375 0.9978373646736145
74.12158203125 131.64312744140625 139.34716796875 220.5638427734375 0.976218581199646
75.27143859863281 138.4869384765625 144.9809112548828 225.0833740234375 0.9785928130149841
74.5797119140625 138.01995849609375 146.92440795898438 226.97286987304688 0.9788267612457275
76.18013000488281 156.89772033691406 140.7986297607422 234.3404998779297 0.8903717398643494
77.4129867553711 154.9244384765625 143.88162231445312 239.47747802734375 0.9314742088317871
78.0587158203125 160.51397705078125 143.60023498535156 238.35787963867188 0.9603890180587769
77.59262084960938 165.51144409179688 144.95657348632812 238.82684326171875 0.9866347312927246
76.5461654663086 168.63250732421875 143.32327270507812 238.5587158203125 0.9917752742767334
76.40385437011719 168.87469482421875 143.97218322753906 239.5 0.9861921668052673
76.94747924804688 172.1856231689453 142.38427734375 239.5 0.9860560894012451
76.99742126464844 171.8771209716797 144.5202178955078 239.5 0.989557683467865
77.30042266845703 172.48416137695312 146.84771728515625 238.90823364257812 0.9824473261833191
77.34188842773438 171.4480743408203 144.60459899902344 239.20933532714844 0.9916327595710754
78.39024353027344 170.8057861328125 146.46998596191406 239.5 0.9936070442199707
78.55810546875 170.8614501953125 146.02410888671875 239.5 0.9912680387496948
78.07208251953125 170.256591796875 144.56195068359375 236.744384765625 0.9909018874168396
78.03474426269531 169.11526489257812 144.4159393310547 237.87222290039062 0.9909572601318359
78.3266830444336 167.82794189453125 143.4432373046875 238.36346435546875 0.9847185015678406
78.45327758789062 169.12161254882812 146.95582580566406 237.80758666992188 0.9873369336128235
79.91401672363281 167.82545471191406 151.31251525878906 239.0972442626953 0.9875668287277222
78.76640319824219 170.14785766601562 151.93869018554688 236.88900756835938 0.9718759059906006
79.5782699584961 168.28643798828125 153.3773193359375 237.29534912109375 0.9877491593360901
80.28668212890625 165.90982055664062 150.4185791015625 238.32785034179688 0.9865109920501709
83.03312683105469 166.00718688964844 153.31089782714844 239.5 0.9950761198997498
84.39170837402344 166.88226318359375 154.34320068359375 239.5 0.9839178323745728
87.65005493164062 165.38247680664062 157.5350341796875 239.5 0.9753798246383667
87.5040283203125 165.68838500976562 155.58209228515625 238.90753173828125 0.9814855456352234
91.169189453125 163.83984375 160.58053588867188 239.5 0.9873078465461731
95.83598327636719 164.29763793945312 163.77354431152344 236.44436645507812 0.9890652894973755
101.93902587890625 165.07437133789062 166.50350952148438 236.41900634765625 0.9833648800849915
109.86161804199219 166.48007202148438 177.7010040283203 238.143310546875 0.9754530191421509
115.73353576660156 165.22576904296875 181.35289001464844 235.78582763671875 0.9816831350326538
115.60133361816406 164.69879150390625 181.5021514892578 236.16754150390625 0.9887364506721497
120.3315658569336 167.6228485107422 191.13613891601562 237.79444885253906 0.992374837398529
126.20500946044922 166.68338012695312 199.67059326171875 238.9072265625 0.9937009811401367
132.19387817382812 166.71905517578125 207.28512573242188 238.79745483398438 0.9941032528877258
136.9915771484375 167.38804626464844 219.97116088867188 238.63450622558594 0.9949159622192383
142.19473266601562 167.59097290039062 221.29592895507812 239.22561645507812 0.9945144653320312
142.23944091796875 167.53170776367188 221.3790283203125 239.16720581054688 0.9954219460487366
147.009033203125 168.98744201660156 229.05767822265625 238.9355926513672 0.9936783909797668
149.33346557617188 168.95712280273438 233.16708374023438 238.55914306640625 0.9922547340393066
150.13226318359375 168.65509033203125 235.701416015625 238.37576293945312 0.9905526638031006
153.64198303222656 165.31971740722656 238.2847137451172 238.33119201660156 0.996116042137146
157.47691345214844 164.886962890625 241.9968719482422 239.5 0.9923210740089417
155.61415100097656 165.65847778320312 241.94813537597656 239.35794067382812 0.9933104515075684
158.0360870361328 163.8192138671875 244.30384826660156 239.5 0.9940406680107117
155.4420166015625 164.4091339111328 242.20870971679688 238.14744567871094 0.9949369430541992
154.52059936523438 165.158447265625 244.37710571289062 239.5 0.9957077503204346
155.62069702148438 165.38629150390625 244.45736694335938 238.58096313476562 0.9957452416419983
158.04086303710938 164.60328674316406 244.50958251953125 239.3260040283203 0.9929216504096985
154.51663208007812 165.41860961914062 244.12655639648438 239.5 0.9925163388252258
152.74876403808594 165.90689086914062 243.16676330566406 239.5 0.9946593642234802
153.93780517578125 166.30836486816406 241.38604736328125 239.5 0.9912976026535034
154.3370361328125 167.14083862304688 239.76629638671875 239.5 0.9918051958084106
152.7368621826172 166.9774932861328 242.1954803466797 238.7274627685547 0.9948915243148804
154.5735626220703 166.6193084716797 239.25608825683594 239.5 0.9941039681434631
152.51351928710938 166.47665405273438 238.83636474609375 238.5762939453125 0.9954569339752197
153.4141387939453 165.83688354492188 237.2024688720703 239.5 0.9946541786193848
151.76185607910156 166.43582153320312 234.5209197998047 238.81964111328125 0.9959462285041809
146.46170043945312 164.5609130859375 230.23358154296875 239.13262939453125 0.9940478801727295
143.58824157714844 164.447265625 227.14439392089844 239.28857421875 0.9972363114356995
141.56967163085938 165.27792358398438 221.85702514648438 239.37606811523438 0.9962133765220642
140.13621520996094 163.947509765625 223.72792053222656 238.60372924804688 0.9971370697021484
135.89984130859375 162.87530517578125 217.12380981445312 238.42425537109375 0.993034839630127
131.08067321777344 162.84332275390625 205.17872619628906 237.57293701171875 0.991600751876831
122.05975341796875 161.79505920410156 192.35739135742188 235.5475311279297 0.9935156106948853
116.63789367675781 160.0625 182.28025817871094 235.36721801757812 0.9936760067939758
104.97686767578125 165.78262329101562 168.8394775390625 236.34432983398438 0.993869423866272
106.91016387939453 163.2690887451172 168.16314697265625 234.36280822753906 0.99222332239151
102.84620666503906 159.65765380859375 166.4281463623047 234.73931884765625 0.9810298681259155
93.80833435058594 154.2572021484375 160.2577362060547 233.12191772460938 0.9918125867843628
88.54998779296875 153.34661865234375 153.20904541015625 230.71514892578125 0.9959134459495544
83.93956756591797 153.46676635742188 143.60028076171875 231.33404541015625 0.9792774319648743
81.74441528320312 153.24533081054688 142.3995361328125 234.57431030273438 0.9785684943199158
83.16624450683594 152.74346923828125 144.8183135986328 232.0697021484375 0.975359320640564
79.90512084960938 154.39610290527344 139.03936767578125 234.2162322998047 0.9882307052612305
80.00186920166016 152.8944091796875 140.4735107421875 231.26800537109375 0.9850761294364929
80.33992004394531 151.65164184570312 141.7581329345703 230.7020263671875 0.982864499092102
81.08409881591797 147.11529541015625 146.9715576171875 229.22311401367188 0.9861271381378174
81.87837219238281 142.68235778808594 146.0260467529297 228.57887268066406 0.9795407652854919
80.8986587524414 144.50601196289062 145.99789428710938 230.668701171875 0.98787921667099
80.96859741210938 142.46072387695312 146.75320434570312 225.55023193359375 0.9802525043487549
83.48493957519531 139.06614685058594 158.21536254882812 221.19664001464844 0.9948946237564087
84.98191833496094 130.20700073242188 158.98532104492188 220.81158447265625 0.9921731948852539
83.44789123535156 120.15081787109375 158.74566650390625 212.80792236328125 0.9818861484527588
85.79674530029297 109.91661071777344 160.96502685546875 209.67079162597656 0.9972270131111145
86.59608459472656 110.03700256347656 159.14979553222656 209.17356872558594 0.9960291385650635
85.06400299072266 94.52738952636719 160.30392456054688 202.16624450683594 0.9994400143623352
85.6116943359375 92.6379623413086 159.31790161132812 201.30477905273438 0.9974821209907532
86.13917541503906 84.16231536865234 155.18115234375 193.1734619140625 0.9946703314781189
83.3338623046875 82.1347427368164 157.0718231201172 198.7850341796875 0.99528968334198
82.38085174560547 79.55916595458984 157.54092407226562 194.10684204101562 0.9965208768844604
83.77749633789062 81.77091979980469 157.71726989746094 192.0298309326172 0.9909791946411133
84.17742919921875 80.03534698486328 154.2321319580078 196.90625 0.9962400197982788
84.03677368164062 81.21292114257812 157.79147338867188 193.46282958984375 0.9974162578582764
83.32808685302734 84.17985534667969 157.7574462890625 196.3137969970703 0.9971475005149841
83.25918579101562 86.29368591308594 159.1818389892578 196.90943908691406 0.9962956309318542
84.38111877441406 96.93717956542969 161.59422302246094 198.18190002441406 0.9938212633132935
85.75401306152344 94.61608123779297 160.97557067871094 198.65139770507812 0.9934158325195312
85.45054626464844 125.07687377929688 162.0896759033203 203.48248291015625 0.9949694275856018
85.37593078613281 130.12680053710938 165.1175994873047 204.669189453125 0.9980387091636658
87.72312927246094 128.66455078125 167.26473999023438 206.53021240234375 0.9955750703811646
90.60562133789062 127.27360534667969 167.348876953125 202.3488006591797 0.995935320854187
95.63151550292969 124.53614807128906 174.11253356933594 204.77073669433594 0.9956203103065491
94.73637390136719 125.68817138671875 173.58241271972656 207.50387573242188 0.9977399110794067
99.37821960449219 126.45576477050781 173.0563507080078 205.27662658691406 0.9965311884880066
102.28075408935547 123.20623016357422 173.36752319335938 202.8309326171875 0.993885338306427
106.54249572753906 122.6441650390625 174.8153839111328 201.31094360351562 0.9914717078208923
113.23451232910156 124.86128997802734 178.49485778808594 193.4722900390625 0.998213529586792
112.91978454589844 124.6236572265625 180.4027557373047 195.923095703125 0.996926486492157
112.67698669433594 124.67294311523438 180.4535369873047 195.15667724609375 0.9972653388977051
115.30638122558594 123.21479797363281 183.1649627685547 197.3994598388672 0.9971202611923218
115.55386352539062 122.52165985107422 185.00320434570312 193.68618774414062 0.9982088804244995
114.724365234375 105.47964477539062 177.58538818359375 184.81121826171875 0.9940021634101868
110.2502670288086 83.86265563964844 176.89886474609375 183.57533264160156 0.9951738715171814
103.4070816040039 71.49810791015625 178.67434692382812 185.02493286132812 0.985248327255249
104.43089294433594 71.50421142578125 180.57630920410156 185.93377685546875 0.9882199764251709
104.75492858886719 98.9521484375 179.1659698486328 185.84432983398438 0.9966779947280884
103.02958679199219 106.47758483886719 174.3448028564453 189.8773651123047 0.9967305660247803
