544.0694580078125 138.43463134765625 612.6026611328125 337.1193542480469 0.9990759491920471 
544.3294067382812 138.73011779785156 611.5183715820312 336.89178466796875 0.9995123744010925 
544.2252197265625 137.93441772460938 611.7279052734375 338.4436950683594 0.9995051622390747 
544.2510375976562 138.0181884765625 611.0283813476562 339.0989990234375 0.9994645118713379 
543.8121948242188 137.92747497558594 610.2594604492188 338.9490966796875 0.9994919896125793 
544.0623779296875 135.9871826171875 610.8721923828125 336.95330810546875 0.9995647668838501 
545.1536865234375 137.8321533203125 609.870849609375 339.5256652832031 0.9995639324188232 
544.6802978515625 137.46229553222656 609.568603515625 338.89862060546875 0.9995759725570679 
544.2739868164062 137.6524658203125 610.0302124023438 339.9803466796875 0.9995681643486023 
543.7071533203125 137.4717559814453 609.67529296875 340.05792236328125 0.9994678497314453 
541.5767822265625 135.51199340820312 609.36767578125 339.6788330078125 0.9994902014732361 
540.8828125 134.76402282714844 607.633544921875 338.07672119140625 0.9995412230491638 
540.6728515625 134.83078002929688 608.658935546875 335.9801940917969 0.999674916267395 
540.4991455078125 135.20745849609375 608.7686767578125 336.55438232421875 0.9996336698532104 
540.0834350585938 133.52708435058594 608.6444702148438 333.02630615234375 0.9996098279953003 
540.3637084960938 134.377685546875 608.9111938476562 333.46612548828125 0.9997174739837646 
538.9071655273438 132.91348266601562 607.6314086914062 333.707275390625 0.9994971752166748 
538.293212890625 134.0472869873047 607.591796875 332.9208984375 0.9997438788414001 
538.3814086914062 133.70555114746094 607.4537963867188 333.12646484375 0.9997114539146423 
537.7452392578125 134.23257446289062 607.201904296875 332.7161865234375 0.9997113347053528 
537.9384155273438 136.4117431640625 607.4777221679688 333.26385498046875 0.9996470212936401 
537.735107421875 136.31680297851562 606.5819091796875 333.96270751953125 0.9996224045753479 
537.7852172851562 134.43667602539062 606.8849487304688 333.1542053222656 0.9996662735939026 
537.4053955078125 136.21200561523438 606.3751220703125 333.19940185546875 0.9996364712715149 
536.9895629882812 136.48776245117188 606.4529418945312 331.1685485839844 0.9996554851531982 
537.60205078125 135.78890991210938 605.3995361328125 337.23468017578125 0.9994847178459167 
536.7828369140625 135.6688232421875 606.727294921875 336.8966369628906 0.9993678331375122 
536.9315185546875 135.3050537109375 606.0699462890625 340.5818786621094 0.9993225336074829 
536.9275512695312 135.95318603515625 606.8604125976562 343.23394775390625 0.9996809363365173 
537.0946044921875 136.66961669921875 606.9652099609375 343.7064514160156 0.9997027516365051 
537.2918090820312 134.34890747070312 607.4027709960938 343.96331787109375 0.999728262424469 
541.0408935546875 136.75924682617188 607.9813232421875 349.2447204589844 0.9996938705444336 
538.27099609375 138.83255004882812 609.9190673828125 347.4402160644531 0.9996201992034912 
538.667724609375 137.11648559570312 610.0538330078125 347.884521484375 0.999376118183136 
541.2728881835938 135.27267456054688 610.3104858398438 347.2723083496094 0.9994621276855469 
542.3104858398438 136.00469970703125 611.3965454101562 348.42413330078125 0.9997411370277405 
542.9629516601562 136.16741943359375 613.6409301757812 350.3903503417969 0.9997041821479797 
543.7077026367188 135.89840698242188 613.4400024414062 348.3748474121094 0.9996273517608643 
547.08349609375 137.4312744140625 619.29345703125 353.23382568359375 0.9996995329856873 
547.6485595703125 136.56170654296875 620.7294921875 349.4764099121094 0.9994809031486511 
549.1302490234375 138.41510009765625 620.6177978515625 355.6646728515625 0.9998064637184143 
550.0017700195312 141.0355224609375 620.9298706054688 346.10198974609375 0.9994966387748718 
551.166259765625 137.29428100585938 624.03955078125 353.7899475097656 0.9997377991676331 
552.8671264648438 139.3511962890625 623.8467407226562 347.3265686035156 0.9997261166572571 
553.154541015625 138.92251586914062 624.5146484375 345.0895080566406 0.9997608065605164 
554.0574951171875 139.70260620117188 624.8756103515625 345.2433776855469 0.9996603727340698 
554.1033935546875 139.4967803955078 625.886474609375 348.29010009765625 0.9996500611305237 
553.7056274414062 139.34536743164062 627.6964721679688 350.0113830566406 0.9994431734085083 
557.341796875 140.453857421875 629.1124267578125 355.9345703125 0.9997125864028931 
557.3768310546875 141.97418212890625 628.969970703125 355.6897277832031 0.9997445940971375 
554.8314819335938 140.5085906982422 628.8589477539062 349.3018798828125 0.9996127486228943 
556.1511840820312 143.06617736816406 628.3258666992188 356.89013671875 0.999523937702179 
556.0276489257812 144.87173461914062 628.9160766601562 363.5289306640625 0.9996324181556702 
552.5202026367188 147.91746520996094 630.4335327148438 366.35455322265625 0.9995579123497009 
553.0759887695312 153.10385131835938 631.3368530273438 389.2402648925781 0.9995641708374023 
556.6905517578125 154.35885620117188 632.48974609375 393.8503723144531 0.9997426867485046 
554.0184326171875 160.32545471191406 635.460205078125 392.16949462890625 0.9995951056480408 
553.4177856445312 168.420166015625 635.6807250976562 388.72955322265625 0.9994615912437439 
559.974609375 181.42138671875 641.74072265625 382.96728515625 0.9996054768562317 
563.4998779296875 192.24945068359375 642.305419921875 389.12091064453125 0.9992645978927612 
559.481201171875 204.76571655273438 646.300048828125 384.3092956542969 0.998586893081665 
556.0738525390625 218.31263732910156 652.756591796875 383.4788818359375 0.9984045028686523 
555.2864990234375 233.06512451171875 654.6885986328125 394.17889404296875 0.9988757967948914 
551.8601684570312 250.5636749267578 658.6148071289062 403.64996337890625 0.9990373253822327 
550.3681640625 267.5195007324219 662.2122802734375 429.2682189941406 0.9984215497970581 
549.64501953125 282.82513427734375 664.91748046875 456.04156494140625 0.9987163543701172 
549.3076171875 295.8075866699219 672.7027587890625 460.2898864746094 0.9985618591308594 
549.7649536132812 316.76373291015625 676.7084350585938 459.37213134765625 0.9989235997200012 
554.14208984375 327.428955078125 682.4908447265625 462.2901611328125 0.9987958073616028 
552.9282836914062 331.6933898925781 682.8936157226562 460.9571228027344 0.9983571171760559 
553.1801147460938 335.4641418457031 679.4198608398438 462.2832336425781 0.9982273578643799 
553.732666015625 338.1245422363281 681.85546875 461.1379699707031 0.9976711869239807 
555.6847534179688 340.0021667480469 684.3392944335938 458.4978332519531 0.9979532361030579 
555.9829711914062 343.40478515625 697.7500610351562 455.6810302734375 0.9947417378425598 
557.1846923828125 344.38330078125 701.3701171875 463.230712890625 0.9962673783302307 
557.072998046875 348.89984130859375 705.9630126953125 463.39093017578125 0.9957971572875977 
559.8265380859375 349.9858093261719 703.6719970703125 462.8981018066406 0.9957787394523621 
553.2108154296875 354.0348205566406 705.221435546875 463.3340759277344 0.995010495185852 
545.09521484375 352.9605712890625 697.941162109375 459.548583984375 0.9949910640716553 
544.03271484375 353.96209716796875 700.8009033203125 456.802001953125 0.9946929812431335 
541.8389282226562 351.484130859375 696.8772583007812 451.27789306640625 0.9935023188591003 
536.9300537109375 348.2506103515625 695.951171875 460.574462890625 0.989928126335144 
537.6204223632812 343.13433837890625 692.2643432617188 467.62139892578125 0.9845160245895386 
534.9194946289062 346.8481140136719 683.0609741210938 467.6169738769531 0.946645975112915 
530.3394775390625 346.4601745605469 681.781494140625 463.4480285644531 0.9178197383880615 
523.3204956054688 333.62677001953125 683.3942260742188 466.6842041015625 0.9764344096183777 
524.7041625976562 330.4434814453125 676.9052124023438 460.92083740234375 0.990121066570282 
517.518310546875 320.82818603515625 668.3909912109375 473.341064453125 0.9894039630889893 
516.2600708007812 314.04742431640625 651.1345825195312 488.94451904296875 0.9907723069190979 
517.8901977539062 311.32952880859375 649.8766479492188 485.78851318359375 0.9916439056396484 
513.439453125 301.54620361328125 657.595458984375 495.108642578125 0.9914515614509583 
514.7286987304688 301.0451354980469 646.9620971679688 493.2998962402344 0.9925862550735474 
515.4110107421875 301.0686950683594 635.310546875 495.6195373535156 0.993049144744873 
515.1505126953125 297.889404296875 639.8212890625 498.30914306640625 0.9943168759346008 
512.67138671875 293.3257141113281 642.97314453125 500.6622619628906 0.9925790429115295 
512.4009399414062 295.36175537109375 632.1912231445312 497.50396728515625 0.9959298968315125 
510.0226135253906 295.0203552246094 636.5781860351562 507.7030334472656 0.9947620630264282 
507.73834228515625 288.37884521484375 634.4441528320312 515.8051147460938 0.9949544072151184 
508.0274963378906 292.7877502441406 629.948974609375 496.7168273925781 0.9949249029159546 
506.65655517578125 291.210205078125 630.7954711914062 501.89337158203125 0.9937647581100464 
505.5732421875 291.4652404785156 630.384521484375 508.6295471191406 0.9934801459312439 
504.402587890625 289.4288330078125 629.8717041015625 518.5281982421875 0.9933168292045593 
506.5072326660156 292.2038879394531 626.8565673828125 520.8530883789062 0.9937828779220581 
502.4003601074219 295.08221435546875 633.154052734375 508.53839111328125 0.992255687713623 
501.00933837890625 295.6461486816406 629.9310913085938 507.4980773925781 0.9906419515609741 
497.3290710449219 303.220703125 631.1099853515625 511.38421630859375 0.9893988370895386 
498.7452697753906 308.401611328125 630.30712890625 515.5972290039062 0.9933621287345886 
500.5216064453125 329.5832214355469 628.744140625 514.6846923828125 0.9916276931762695 
500.0921325683594 331.64337158203125 630.0806884765625 514.8242797851562 0.9910320043563843 
493.77398681640625 344.650390625 630.0255737304688 512.84033203125 0.9954703450202942 
494.2798156738281 353.4727478027344 631.5056762695312 513.0369262695312 0.994512140750885 
489.71014404296875 357.4765930175781 631.0733032226562 512.2071533203125 0.9950201511383057 
487.384521484375 356.0365295410156 629.1910400390625 510.8255310058594 0.9945572018623352 
486.37823486328125 356.6007995605469 630.8640747070312 511.8554992675781 0.9959338307380676 
486.01837158203125 357.3740234375 629.8353881835938 510.872802734375 0.9969868659973145 
488.72235107421875 358.095703125 632.0354614257812 499.54180908203125 0.996113657951355 
489.74176025390625 359.0100402832031 635.4314575195312 497.2167053222656 0.996394157409668 
485.4344482421875 356.21649169921875 629.75537109375 502.77447509765625 0.9961866736412048 
486.2679443359375 354.7656555175781 625.07275390625 505.0469665527344 0.994106113910675 
485.7783203125 354.4059753417969 621.681884765625 498.8404846191406 0.9964480996131897 
489.3695983886719 358.06927490234375 629.0682373046875 496.71392822265625 0.9953567385673523 
487.50579833984375 359.18536376953125 626.3883666992188 493.34112548828125 0.9917404055595398 
491.2109375 359.02545166015625 629.9373779296875 488.5245361328125 0.9974539875984192 
487.044677734375 360.1728515625 621.788330078125 485.6688232421875 0.9942808747291565 
490.057373046875 361.0219421386719 630.62255859375 482.2315979003906 0.9954593181610107 
492.8609619140625 357.8559265136719 630.7764892578125 476.1351623535156 0.9952839016914368 
493.665771484375 358.7120361328125 631.818603515625 475.481201171875 0.995258629322052 
489.358154296875 354.0477600097656 633.948974609375 472.8883972167969 0.9957848191261292 
489.20367431640625 350.5641784667969 627.6030883789062 465.2689514160156 0.9906101822853088 
491.1375732421875 349.6146545410156 632.630126953125 468.1103210449219 0.9942502975463867 
492.77435302734375 349.70208740234375 633.6596069335938 468.3729248046875 0.9932025074958801 
494.5038757324219 349.3757629394531 632.1430053710938 467.1617126464844 0.9936209321022034 
491.0832214355469 347.0127258300781 628.2996826171875 466.1473083496094 0.9888311624526978 
484.3997802734375 345.16845703125 626.254638671875 462.900390625 0.9891449213027954 
482.1846618652344 346.6230773925781 619.7425537109375 458.2856140136719 0.9917523860931396 
479.67950439453125 345.40020751953125 616.0704956054688 463.50579833984375 0.9922931790351868 
481.0122375488281 341.21722412109375 616.187744140625 462.42254638671875 0.9949445724487305 
482.58062744140625 339.48748779296875 617.3318481445312 460.52423095703125 0.9918910264968872 
473.98699951171875 337.2297058105469 610.8757934570312 459.4776916503906 0.9968288540840149 
480.94549560546875 338.2322998046875 611.7587280273438 456.54534912109375 0.9961041808128357 
471.4159240722656 334.0998229980469 609.8347778320312 453.9908142089844 0.9952378869056702 
474.6482849121094 332.6122131347656 614.6459350585938 454.2359313964844 0.99640291929245 
473.8277587890625 329.1332092285156 617.7481689453125 457.6716003417969 0.9968133568763733 
469.92864990234375 326.62060546875 613.9765014648438 452.3009033203125 0.9972302913665771 
463.01800537109375 322.9271240234375 611.5195922851562 455.89111328125 0.9973270297050476 
465.4582824707031 322.4198303222656 616.53857421875 457.3086853027344 0.9969515204429626 
465.0973815917969 319.5967102050781 617.1509399414062 455.0655212402344 0.9967806339263916 
462.5042724609375 320.9830017089844 612.343017578125 456.7565612792969 0.998738706111908 
466.5630187988281 318.611572265625 616.1719970703125 457.08740234375 0.9978034496307373 
468.15008544921875 319.24273681640625 616.7583618164062 456.08905029296875 0.9982064366340637 
470.57672119140625 316.3609924316406 617.0670776367188 456.0930480957031 0.99857097864151 
474.2035217285156 314.7608642578125 616.5054931640625 456.0406494140625 0.9987336993217468 
472.23822021484375 313.69122314453125 615.7628784179688 454.0233154296875 0.9989407658576965 
473.313720703125 314.817626953125 613.0673828125 456.33941650390625 0.9983651041984558 
468.0700378417969 313.6485595703125 610.2698364257812 452.3924560546875 0.9987188577651978 
467.2469177246094 313.126953125 598.782958984375 452.3514404296875 0.9982649683952332 
470.608154296875 313.293212890625 602.466552734375 450.5655517578125 0.9981933236122131 
469.81060791015625 310.52642822265625 604.4729614257812 450.06622314453125 0.9989287853240967 
471.2607116699219 309.0943908691406 602.280029296875 447.6981506347656 0.9987786412239075 
471.2876892089844 308.01873779296875 598.9327392578125 446.37371826171875 0.9986574053764343 
473.0396423339844 308.3985900878906 598.5978393554688 448.4687194824219 0.9982767105102539 
462.7095947265625 305.94415283203125 593.021728515625 448.22784423828125 0.9988964200019836 
460.4139099121094 305.3929443359375 593.0155639648438 448.223388671875 0.9992383122444153 
463.16729736328125 304.38702392578125 594.4413452148438 449.02923583984375 0.9991419315338135 
467.61090087890625 307.01751708984375 598.6736450195312 445.00909423828125 0.9988126158714294 
471.661376953125 304.1053161621094 599.48193359375 446.2351989746094 0.9988702535629272 
478.5711975097656 304.0282897949219 597.7921752929688 444.4533996582031 0.9982842803001404 
475.84637451171875 306.6536865234375 599.4911499023438 443.68487548828125 0.9987380504608154 
471.0527648925781 301.3324890136719 593.9387817382812 442.2418518066406 0.998685896396637 
475.3819580078125 300.6952819824219 598.0987548828125 441.3313903808594 0.9982750415802002 
473.61383056640625 298.96746826171875 601.6724243164062 440.06671142578125 0.9982505440711975 
471.3374938964844 297.5496826171875 597.6577758789062 439.162841796875 0.9977743625640869 
472.83721923828125 298.55047607421875 603.9524536132812 437.95306396484375 0.9971384406089783 
474.9532470703125 297.0277404785156 609.28076171875 440.5365295410156 0.9960449934005737 
481.5071716308594 298.01153564453125 613.2938842773438 441.98919677734375 0.9965519905090332 
480.72454833984375 300.0732421875 617.7926635742188 437.71234130859375 0.9977807998657227 
481.96075439453125 296.5886535644531 621.6558227539062 437.8068542480469 0.9970550537109375 
480.0943603515625 294.8341979980469 625.3369140625 441.4556579589844 0.9980005621910095 
478.30194091796875 290.85772705078125 624.2067260742188 441.32623291015625 0.9984497427940369 
478.76055908203125 283.8706970214844 623.2092895507812 442.4372863769531 0.9984253644943237 
474.74554443359375 282.1206970214844 622.7597045898438 442.2720642089844 0.998711347579956 
475.0716552734375 281.5894775390625 619.384521484375 440.2183837890625 0.9989504814147949 
474.8498229980469 280.28759765625 616.680419921875 439.397705078125 0.9985399842262268 
474.6530456542969 279.8055725097656 613.5297241210938 437.7007141113281 0.9987331628799438 
477.9288024902344 280.3626403808594 614.0027465820312 438.5151062011719 0.9985541701316833 
478.2811279296875 281.70196533203125 612.44091796875 435.51617431640625 0.9986448884010315 
478.1904296875 286.4051513671875 610.5313720703125 438.00433349609375 0.9987910985946655 
477.4627685546875 290.8113708496094 615.831298828125 439.4032287597656 0.9987263083457947 
479.6125183105469 287.85955810546875 609.2085571289062 438.62652587890625 0.9986128211021423 
477.49700927734375 289.46209716796875 613.2919311523438 442.75726318359375 0.9987269043922424 
479.6610412597656 287.76611328125 608.6209716796875 440.8956298828125 0.998223066329956 
478.6369323730469 285.85986328125 609.3472290039062 438.4334716796875 0.9985688328742981 
476.7671813964844 282.82574462890625 607.8638916015625 429.83935546875 0.9982012510299683 
477.9488525390625 276.5978088378906 605.5294189453125 420.6249084472656 0.9982884526252747 
478.97637939453125 270.19970703125 607.3142700195312 414.48193359375 0.9992682337760925 
479.84942626953125 264.6086730957031 604.7616577148438 409.9669494628906 0.999090313911438 
477.3804626464844 258.04296875 605.063232421875 404.4425048828125 0.9992304444313049 
476.6039123535156 244.8336944580078 597.677001953125 405.244384765625 0.9995843172073364 
475.955322265625 234.509521484375 596.9102783203125 409.3533935546875 0.9991344213485718 
474.7221374511719 228.87042236328125 595.7811889648438 408.52020263671875 0.9992017149925232 
473.5119934082031 215.67417907714844 594.2687377929688 409.065673828125 0.9993141293525696 
476.77520751953125 206.45950317382812 588.2925415039062 410.0259704589844 0.9992620944976807 
476.6723327636719 195.55535888671875 584.738525390625 411.36041259765625 0.9995694160461426 
476.84381103515625 185.62588500976562 579.2064819335938 409.9941711425781 0.9996041059494019 
476.45281982421875 177.13015747070312 578.9786987304688 408.9932556152344 0.9996672868728638 
477.0611877441406 167.6014404296875 577.1688232421875 412.04510498046875 0.9994418025016785 
476.6402587890625 161.93450927734375 573.49365234375 408.6275634765625 0.9996315240859985 
480.6232604980469 153.69845581054688 569.2275390625 407.5260314941406 0.9996340274810791 
480.3041076660156 154.29122924804688 568.2988891601562 409.6162414550781 0.9992375373840332 
478.998291015625 151.3640899658203 569.451171875 407.59808349609375 0.9993836879730225 
481.2120056152344 148.717041015625 571.7326049804688 406.40087890625 0.9996578693389893 
482.1712646484375 146.09136962890625 571.5589599609375 398.38604736328125 0.9996952414512634 
486.4634704589844 145.42544555664062 571.166015625 397.9428405761719 0.9996327757835388 
477.14056396484375 140.7584686279297 570.8013305664062 402.87542724609375 0.9996107816696167 
480.0790100097656 143.38172912597656 572.043701171875 400.168212890625 0.9996459484100342 
484.4588928222656 142.49855041503906 575.2517700195312 400.5721435546875 0.9994060397148132 
488.3657531738281 137.16162109375 578.0980834960938 399.22723388671875 0.9996311664581299 
489.8013916015625 137.11024475097656 577.898681640625 399.27862548828125 0.9997458457946777 
495.557373046875 136.6558837890625 582.1715087890625 385.70635986328125 0.999718189239502 
497.9141845703125 135.86328125 583.9654541015625 380.40771484375 0.9997340440750122 
501.3167419433594 136.24867248535156 585.4104614257812 377.30120849609375 0.9996416568756104 
502.3681945800781 133.98257446289062 586.6365966796875 375.5005187988281 0.9997367858886719 
503.2298278808594 133.5037841796875 587.290283203125 374.43035888671875 0.9997332692146301 
504.5107421875 135.18295288085938 586.9251708984375 377.0365295410156 0.9992742538452148 
504.0484313964844 133.66741943359375 586.7410888671875 374.35784912109375 0.9994834661483765 
507.12005615234375 134.680908203125 585.2333374023438 379.78143310546875 0.9992420077323914 
509.1266174316406 135.7017822265625 587.3034057617188 380.1239013671875 0.9992847442626953 
508.92010498046875 135.91799926757812 587.2594604492188 372.0933837890625 0.9994512796401978 
511.0250549316406 135.94219970703125 588.8392333984375 380.3946533203125 0.9993863701820374 
512.149169921875 134.88388061523438 588.5279541015625 376.4036865234375 0.999737024307251 
513.1244506835938 134.64505004882812 587.9794311523438 376.99517822265625 0.9997192025184631 
513.6978149414062 132.969482421875 589.1403198242188 384.5732421875 0.9996570348739624 
515.9221801757812 140.41680908203125 592.4453735351562 366.14532470703125 0.9993800520896912 
515.7952270507812 134.33245849609375 592.9797973632812 353.5638732910156 0.9997670650482178 
517.896240234375 133.710693359375 591.8455810546875 357.8845520019531 0.9997924566268921 
520.3733520507812 135.04299926757812 593.0238647460938 363.2361145019531 0.9997535347938538 
520.7688598632812 134.1646728515625 593.2971801757812 362.180419921875 0.999726414680481 
523.5801391601562 129.1444549560547 596.4613647460938 364.30523681640625 0.9996757507324219 
522.8643188476562 135.92262268066406 594.7351684570312 357.40789794921875 0.999627947807312 
524.2110595703125 134.01882934570312 597.8074951171875 358.4383850097656 0.9997191429138184 
526.2028198242188 132.3902130126953 603.5785522460938 353.3165283203125 0.9997148513793945 
527.5985107421875 132.82980346679688 605.944580078125 350.02093505859375 0.9996755719184875 
529.9927978515625 132.80587768554688 610.5076904296875 345.8459777832031 0.9997832775115967 
531.722412109375 133.00025939941406 610.1082763671875 350.99859619140625 0.9997653961181641 
534.6211547851562 134.93893432617188 610.6924438476562 352.10479736328125 0.9994779229164124 
536.5966796875 138.42071533203125 610.4654541015625 348.89495849609375 0.999530553817749 
540.779296875 135.96278381347656 613.3939208984375 349.8131103515625 0.9991357326507568 
543.281005859375 136.0147705078125 616.8070068359375 349.22210693359375 0.9995812177658081 
545.615234375 134.99530029296875 619.4110107421875 349.5352478027344 0.9996709823608398 
547.4185180664062 131.86386108398438 621.2437133789062 349.2215576171875 0.9996177554130554 
542.8082885742188 133.4954071044922 622.2005004882812 349.49261474609375 0.9996699690818787 
546.3137817382812 132.07809448242188 622.8236694335938 348.9671325683594 0.9995875954627991 
549.0533447265625 133.9930419921875 625.5380859375 344.16351318359375 0.9997022747993469 
547.3826293945312 135.98300170898438 626.1865844726562 340.6564025878906 0.999554455280304 
549.1834106445312 134.82553100585938 627.4365844726562 338.73895263671875 0.9996849894523621 
550.93994140625 133.4501953125 629.3868408203125 336.0670166015625 0.99977046251297 
550.2249145507812 133.89031982421875 629.5768432617188 339.7319641113281 0.9996869564056396 
550.049072265625 134.01153564453125 630.4049072265625 337.44525146484375 0.9997454881668091 
549.7772216796875 135.10183715820312 630.2425537109375 336.58843994140625 0.9997188448905945 
545.6226806640625 132.68003845214844 627.42822265625 341.46270751953125 0.9996447563171387 
549.2530517578125 134.7310333251953 631.3494873046875 336.3560791015625 0.9997467398643494 
546.4290161132812 132.56292724609375 630.5726928710938 341.4652099609375 0.9995294213294983 
550.3710327148438 136.1985321044922 632.8515014648438 336.6397705078125 0.9996178150177002 
550.2577514648438 134.48544311523438 628.8776245117188 341.30517578125 0.9995877742767334 
551.6236572265625 135.67623901367188 631.4393310546875 335.44976806640625 0.9996038675308228 
550.4285278320312 137.0615997314453 627.5158081054688 337.2276611328125 0.9995560050010681 
551.1318359375 135.40289306640625 629.5469970703125 335.8226318359375 0.9995390176773071 
546.21337890625 133.11618041992188 626.116455078125 341.77593994140625 0.9994852542877197 
554.2011108398438 134.0601806640625 625.1569213867188 336.5359802246094 0.9994310736656189 
550.2199096679688 132.03781127929688 622.9688110351562 339.9209899902344 0.9993736743927002 
553.7553100585938 135.18734741210938 624.4022827148438 338.4358825683594 0.9996944665908813 
550.5818481445312 130.4946746826172 623.6194458007812 340.757568359375 0.9995051622390747 
551.346435546875 130.5711669921875 621.9544677734375 340.91656494140625 0.9995490312576294 
553.8836059570312 134.02426147460938 623.1109008789062 331.7283630371094 0.9994421005249023 
549.8521728515625 129.8834228515625 621.5380859375 338.9565124511719 0.9995703101158142 
552.477783203125 134.56341552734375 620.0849609375 332.7939453125 0.9993401169776917 
552.3348388671875 135.72055053710938 622.22314453125 333.2700500488281 0.9996461868286133 
550.94287109375 134.9503173828125 621.7049560546875 332.577392578125 0.9996535181999207 
547.767333984375 135.85968017578125 621.3006591796875 332.3263244628906 0.9996228218078613 
547.3482666015625 138.08224487304688 621.3270263671875 337.48358154296875 0.9997900724411011 
541.73193359375 135.07730102539062 619.6531982421875 336.5583190917969 0.9996826648712158 
537.9412231445312 136.843994140625 620.3809204101562 332.0414123535156 0.9997252225875854 
535.482666015625 135.62310791015625 618.2080078125 333.0169677734375 0.9997362494468689 
537.1605224609375 140.498291015625 613.2176513671875 336.2155456542969 0.9997817277908325 
534.9566650390625 140.9810791015625 611.2474365234375 336.1802978515625 0.9997403025627136 
530.1797485351562 135.75247192382812 609.9953002929688 329.9566650390625 0.9997672438621521 
529.9368896484375 135.883544921875 609.2724609375 329.935302734375 0.9997885227203369 
529.3182373046875 135.1755828857422 607.3465576171875 330.2532958984375 0.9997634291648865 
527.8035888671875 134.7593231201172 608.853515625 326.3316650390625 0.999758243560791 
527.6504516601562 135.64642333984375 607.3258666992188 325.8642883300781 0.9998030662536621 
527.3316650390625 134.67312622070312 606.48095703125 325.8509826660156 0.9997906684875488 
528.3519897460938 134.7797088623047 604.8070678710938 325.57733154296875 0.9997811913490295 
528.6107177734375 134.5315704345703 603.984130859375 324.07470703125 0.9998152256011963 
530.8399658203125 136.75572204589844 604.7381591796875 328.724609375 0.9997702836990356 
531.181884765625 136.05575561523438 604.744384765625 326.2035827636719 0.9997425079345703 
531.4900512695312 136.41595458984375 601.8328247070312 325.5956115722656 0.9996572136878967 
529.9791259765625 132.65826416015625 601.1112060546875 322.0190734863281 0.9998158812522888 
531.5755004882812 133.68011474609375 600.2361450195312 322.3136291503906 0.9997594952583313 
530.65966796875 132.42242431640625 601.0001220703125 322.0064392089844 0.9997748136520386 
534.0110473632812 135.5210723876953 600.3193969726562 322.92608642578125 0.9996730089187622 
534.3419189453125 133.98797607421875 600.8548583984375 321.7060546875 0.9997319579124451 
536.4573974609375 135.81478881835938 601.6602783203125 323.2152099609375 0.9996029734611511 
536.0457153320312 136.07150268554688 602.7733764648438 323.6795654296875 0.999667763710022 
536.8968505859375 136.75552368164062 602.704833984375 323.11529541015625 0.9997610449790955 
538.5867919921875 135.36056518554688 602.7388916015625 326.1816101074219 0.999772846698761 
538.4833374023438 137.95713806152344 603.5130004882812 326.43231201171875 0.9997584223747253 
537.9495239257812 137.99066162109375 604.7157592773438 323.5419616699219 0.999673068523407 
540.424560546875 138.7090301513672 603.7547607421875 323.42926025390625 0.9998043179512024 
540.9334106445312 139.9754638671875 601.0537719726562 320.7042236328125 0.999710202217102 
541.4985961914062 136.06556701660156 603.6030883789062 321.60321044921875 0.9996757507324219 
540.265380859375 135.48196411132812 601.8873291015625 322.3128967285156 0.9997501969337463 
543.1244506835938 138.3677520751953 603.1813354492188 320.3233642578125 0.9995788335800171 
541.5315551757812 138.87857055664062 603.2803344726562 318.5567321777344 0.9996468424797058 
542.7455444335938 137.44566345214844 603.2445678710938 319.79473876953125 0.9996140599250793 
541.7357788085938 139.00152587890625 603.0631713867188 316.4004211425781 0.9997237324714661 
541.7026977539062 139.06394958496094 602.3406372070312 314.9017333984375 0.9997212886810303 
542.16357421875 140.25613403320312 600.260986328125 317.6268615722656 0.9995686411857605 
541.634765625 137.55328369140625 597.0484619140625 319.24639892578125 0.9996452927589417 
541.9051513671875 137.41653442382812 595.82080078125 319.8476257324219 0.9995650053024292 
541.3338012695312 137.4761962890625 593.9512329101562 318.7822265625 0.9996806383132935 
539.2509155273438 136.58602905273438 594.0205688476562 318.2434997558594 0.9994153380393982 
536.4564819335938 137.0680694580078 594.1033325195312 318.65069580078125 0.999644935131073 
535.688232421875 135.4193115234375 592.8568115234375 318.01922607421875 0.9996539950370789 
533.17822265625 135.2935028076172 591.57177734375 319.91259765625 0.9996755719184875 
531.0062866210938 135.98565673828125 591.4109497070312 319.0703430175781 0.9996907114982605 
530.3668823242188 134.5579376220703 592.6764526367188 316.6405029296875 0.9997777938842773 
527.5631103515625 135.21730041503906 591.5380859375 318.2498779296875 0.9997736811637878 
529.2355346679688 135.37445068359375 591.0762329101562 316.99273681640625 0.999769389629364 
529.0213012695312 135.0963134765625 591.2128295898438 319.2646179199219 0.9997310638427734 
527.1019897460938 132.72874450683594 591.2357788085938 318.06158447265625 0.9997333884239197 
527.0960083007812 132.5365447998047 591.2870483398438 317.61480712890625 0.9997710585594177 
528.7259521484375 133.06552124023438 591.15234375 317.6537780761719 0.9997079372406006 
528.0383911132812 134.8448486328125 590.5088500976562 317.1957702636719 0.9997240304946899 
529.1599731445312 132.92141723632812 591.2041625976562 317.7091369628906 0.9997053146362305 
527.7081298828125 132.37620544433594 591.115234375 318.82232666015625 0.9997395873069763 
527.0640869140625 133.02923583984375 591.90771484375 319.7134704589844 0.999736487865448 
528.8956298828125 132.6011505126953 593.16943359375 319.6942138671875 0.999792754650116 
529.2988891601562 131.75393676757812 593.9307250976562 320.4698486328125 0.9997766017913818 
528.5617065429688 132.1116943359375 595.5639038085938 319.1307373046875 0.9997377991676331 
531.0662841796875 134.646484375 595.20703125 326.53472900390625 0.9996832609176636 
530.6695556640625 133.67269897460938 595.9603271484375 321.7781982421875 0.9996572136878967 
531.8184204101562 133.76393127441406 595.8588256835938 321.59259033203125 0.9996535181999207 
532.7688598632812 135.15185546875 596.3787231445312 320.4715881347656 0.9995958805084229 
532.84375 134.9052734375 596.438720703125 321.96160888671875 0.9995736479759216 
535.6636352539062 134.896728515625 598.4566040039062 324.1512145996094 0.9995732307434082 
535.549560546875 134.58291625976562 597.9884033203125 322.91070556640625 0.9995419383049011 
532.8311767578125 134.44871520996094 597.158447265625 323.36907958984375 0.999335527420044 
535.0113525390625 136.0587158203125 598.5433349609375 327.47540283203125 0.9995265007019043 
535.4833374023438 136.2408447265625 598.6404418945312 323.8069152832031 0.9995291829109192 
535.5729370117188 136.20291137695312 599.1770629882812 329.2955322265625 0.9994781017303467 
535.1195678710938 135.92788696289062 599.0336303710938 329.0205383300781 0.9994086623191833 
534.5049438476562 137.7861785888672 598.4780883789062 327.3568115234375 0.9995964765548706 
534.3450927734375 137.99549865722656 598.821533203125 327.67779541015625 0.9996123313903809 
536.0537719726562 135.63613891601562 599.4563598632812 329.6216735839844 0.999480664730072 
536.3746948242188 136.83047485351562 599.5261840820312 330.2835998535156 0.9993994235992432 
534.45947265625 140.44488525390625 597.264892578125 328.5324401855469 0.9996511340141296 
535.90478515625 138.3240509033203 598.5880126953125 331.67230224609375 0.9993007183074951 
534.3795166015625 139.20181274414062 598.37353515625 330.79241943359375 0.9996145963668823 
534.9498291015625 139.25405883789062 599.3377685546875 328.1929626464844 0.9995414614677429 
535.2416381835938 136.26229858398438 600.1879272460938 328.7153015136719 0.9994437098503113 
535.6292114257812 135.82476806640625 599.7586059570312 330.5634460449219 0.9995201826095581 
533.7412719726562 138.021484375 597.9382934570312 330.68890380859375 0.9995044469833374 
532.5748901367188 142.1414337158203 597.7028198242188 329.69427490234375 0.9996727108955383 
532.2472534179688 144.72723388671875 597.3052368164062 332.8327331542969 0.9996722936630249 
532.028076171875 147.80825805664062 596.2781982421875 334.1496887207031 0.9997245073318481 
530.462646484375 146.4209442138672 598.1766357421875 332.6904296875 0.9994539618492126 
528.6913452148438 149.51876831054688 596.4064331054688 334.4199523925781 0.9997097849845886 
527.8456420898438 151.93307495117188 596.3793334960938 331.12786865234375 0.9994699954986572 
525.215087890625 153.29461669921875 597.326416015625 331.45068359375 0.9996619820594788 
526.9541625976562 154.23651123046875 596.5823364257812 333.6827392578125 0.9997193813323975 
525.5859985351562 161.78189086914062 595.3084106445312 327.3408508300781 0.9995907545089722 
525.9804077148438 169.2545623779297 594.0790405273438 333.40777587890625 0.9995425939559937 
521.1263427734375 172.90032958984375 593.023193359375 328.413818359375 0.999605119228363 
520.9371337890625 180.1702117919922 593.68603515625 332.41680908203125 0.9996972680091858 
519.9297485351562 185.8881072998047 592.1929321289062 331.42303466796875 0.9994395971298218 
519.1351318359375 191.36614990234375 591.944091796875 336.20721435546875 0.9995760917663574 
517.498779296875 198.86968994140625 594.8968505859375 336.13812255859375 0.9992889761924744 
512.945556640625 205.74850463867188 595.695556640625 333.5696716308594 0.999494731426239 
511.6587829589844 213.096435546875 597.4478149414062 331.9718017578125 0.9989802837371826 
511.6673278808594 217.89382934570312 599.451171875 331.5027770996094 0.9990297555923462 
509.193359375 219.3366241455078 599.858154296875 335.72686767578125 0.998878002166748 
504.4410095214844 224.8488006591797 602.3857421875 339.71405029296875 0.9989103078842163 
501.24200439453125 231.51071166992188 600.0564575195312 346.3032531738281 0.9985716938972473 
500.7951965332031 232.07958984375 602.224609375 348.3897705078125 0.9991087317466736 
500.5098571777344 239.15525817871094 602.510986328125 352.54766845703125 0.9989692568778992 
497.75927734375 245.97450256347656 599.7415771484375 360.326416015625 0.9991229772567749 
498.0257568359375 246.4255828857422 601.3848876953125 361.5618896484375 0.9989862442016602 
500.1090393066406 249.90989685058594 602.9136962890625 357.19805908203125 0.9989266991615295 
501.288330078125 253.4561767578125 604.6551513671875 358.1151123046875 0.9980676174163818 
502.7108459472656 254.53709411621094 604.3192138671875 358.0262756347656 0.9983443021774292 
504.44952392578125 257.383544921875 607.4107055664062 360.3902587890625 0.9993391633033752 
513.5498657226562 254.3776397705078 607.0558471679688 359.1526794433594 0.9984245896339417 
516.2545776367188 254.5743865966797 609.8159790039062 358.72119140625 0.9988080263137817 
510.3187255859375 256.7996520996094 610.485595703125 360.7040710449219 0.9985105395317078 
523.1262817382812 253.95703125 612.0547485351562 358.8546142578125 0.9986134767532349 
529.8101196289062 254.53866577148438 613.6431274414062 358.5097961425781 0.998111367225647 
533.316650390625 250.70986938476562 612.092041015625 356.9792785644531 0.9990068078041077 
539.335205078125 246.6080780029297 615.4049072265625 359.3061828613281 0.9977579712867737 
542.1678466796875 249.24615478515625 618.8267822265625 358.49993896484375 0.9973217248916626 
544.0671997070312 252.07656860351562 619.9038696289062 357.8823547363281 0.9963677525520325 
545.2484741210938 254.2086944580078 624.0363159179688 355.50531005859375 0.9964203834533691 
543.0311889648438 254.50929260253906 625.1482543945312 351.221923828125 0.9971688389778137 
545.57763671875 254.26287841796875 622.990478515625 345.17730712890625 0.9954571723937988 
544.7930908203125 253.42588806152344 629.4251708984375 349.4568786621094 0.9974909424781799 
547.5751953125 256.91033935546875 631.392822265625 348.15496826171875 0.9959829449653625 
547.6468505859375 259.4322509765625 630.5921630859375 346.174560546875 0.9966364502906799 
543.5732421875 259.6940002441406 635.1043701171875 346.9789123535156 0.9979291558265686 
545.0731201171875 263.4347839355469 638.79443359375 345.9298400878906 0.9964653849601746 
552.3433837890625 265.0129089355469 641.7479248046875 349.4559020996094 0.9960718154907227 
552.5050048828125 272.3858947753906 644.742919921875 349.7681579589844 0.9960449934005737 
554.6591796875 276.1143798828125 648.9490966796875 347.9324951171875 0.993122935295105 
554.4602661132812 280.5104675292969 653.2911987304688 351.7991638183594 0.99703049659729 
552.164794921875 283.832763671875 654.2320556640625 355.694580078125 0.994338870048523 
557.1967163085938 282.95574951171875 654.7830200195312 354.93365478515625 0.9919263124465942 
561.8006591796875 281.9124450683594 661.406005859375 358.4349670410156 0.9943196177482605 
562.80322265625 280.4881896972656 662.2711181640625 359.4654235839844 0.9932615160942078 
563.9575805664062 280.7568664550781 667.5603637695312 366.0640563964844 0.9935775399208069 
563.0007934570312 278.6615905761719 666.3484497070312 366.1603088378906 0.9919808506965637 
564.6682739257812 279.7566223144531 672.5986938476562 366.2604675292969 0.9915298223495483 
565.414306640625 277.2134094238281 672.9942626953125 366.6452331542969 0.9934293627738953 
564.4574584960938 275.6226806640625 676.6598510742188 368.025390625 0.9923859238624573 
563.8211059570312 274.73638916015625 676.8442993164062 370.76251220703125 0.9858139753341675 
559.893310546875 277.9824523925781 673.889404296875 371.5415954589844 0.9916761517524719 
562.8468017578125 280.20361328125 674.3826904296875 375.62347412109375 0.9869166612625122 
571.877685546875 281.6532897949219 675.3489990234375 377.9381408691406 0.988863468170166 
566.846923828125 281.1197814941406 679.5919189453125 376.3934020996094 0.9885029792785645 
568.9476928710938 280.45916748046875 679.3402709960938 376.15679931640625 0.9840400218963623 
566.1555786132812 281.39324951171875 678.4695434570312 376.39459228515625 0.9759349226951599 
567.22314453125 282.092529296875 678.85302734375 376.43017578125 0.9663628935813904 
567.22119140625 282.1059875488281 678.2041015625 377.1257019042969 0.9777350425720215 
567.0645141601562 281.43280029296875 679.4988403320312 375.92889404296875 0.9791057705879211 
565.9988403320312 282.0552673339844 679.2238159179688 376.3002014160156 0.9793145656585693 
568.21142578125 281.6506652832031 678.5386962890625 375.4779968261719 0.9822025895118713 
567.0401611328125 280.491455078125 672.5294189453125 372.373291015625 0.9702681303024292 
575.6483154296875 284.0538635253906 677.6695556640625 374.0168151855469 0.9710331559181213 
566.294677734375 282.5890197753906 664.2548828125 346.9230651855469 0.9472347497940063 
570.0205688476562 281.89990234375 677.1864624023438 366.810791015625 0.9797743558883667 
566.2911987304688 281.08807373046875 673.2673950195312 370.67901611328125 0.9931793212890625 
584.0077514648438 281.0535888671875 675.3124389648438 368.1710205078125 0.9928786158561707 
574.0399169921875 282.9628601074219 673.58203125 370.3132019042969 0.9927144646644592 
566.0228881835938 285.01593017578125 672.0333862304688 364.0772705078125 0.9916195273399353 
582.8294067382812 283.54779052734375 671.6963500976562 362.5853271484375 0.9879984855651855 
563.2393798828125 286.3744812011719 666.04833984375 362.8153381347656 0.9886078834533691 
556.0905151367188 286.0999450683594 667.2881469726562 358.5856018066406 0.9876757860183716 
552.4450073242188 287.35198974609375 665.8368530273438 357.22760009765625 0.9924885034561157 
553.3784790039062 286.248779296875 665.8136596679688 356.78021240234375 0.9937253594398499 
544.7891235351562 281.61749267578125 666.4467163085938 357.42352294921875 0.9914100170135498 
543.5652465820312 283.5441589355469 659.1755981445312 353.8164978027344 0.993122935295105 
542.6183471679688 280.249755859375 657.9057006835938 351.4114990234375 0.9955899119377136 
539.330078125 277.4732360839844 658.02880859375 347.5428771972656 0.9966035485267639 
536.8670043945312 273.97381591796875 655.4790649414062 350.19390869140625 0.9875203371047974 
538.2474365234375 274.46514892578125 656.587890625 347.21160888671875 0.9957457184791565 
543.1520385742188 267.70562744140625 649.1112670898438 348.80389404296875 0.9938697814941406 
548.4349975585938 266.64373779296875 648.8278198242188 346.997314453125 0.9939671754837036 
535.9876708984375 264.9516296386719 646.71240234375 347.0500793457031 0.9953680038452148 
537.9950561523438 262.2357177734375 643.5520629882812 346.3455810546875 0.9942642450332642 
531.8421020507812 262.06134033203125 643.2841186523438 345.86468505859375 0.9952471256256104 
532.998046875 259.3573913574219 643.18408203125 346.0925598144531 0.9965536594390869 
531.31494140625 259.5271301269531 641.0787353515625 339.6606750488281 0.9922594428062439 
530.2451782226562 257.1640319824219 641.0082397460938 344.3135070800781 0.9949150085449219 
531.6689453125 254.9390106201172 637.168212890625 341.59710693359375 0.9959278702735901 
532.23583984375 253.65280151367188 633.96142578125 345.5824279785156 0.9973823428153992 
532.0344848632812 255.45960998535156 634.1463012695312 343.36749267578125 0.997281014919281 
535.75341796875 252.189208984375 631.8631591796875 344.4825439453125 0.9975321292877197 
538.9146118164062 252.29296875 629.5823364257812 343.0054931640625 0.9978749752044678 
536.6922607421875 251.8691864013672 627.4298095703125 343.2337646484375 0.9978698492050171 
536.7618408203125 251.05657958984375 628.3792724609375 345.55810546875 0.9985083341598511 
536.0106811523438 252.16067504882812 626.5353393554688 344.1357116699219 0.9980044960975647 
534.8408813476562 252.20806884765625 624.0521850585938 344.98553466796875 0.9970161318778992 
532.859619140625 251.685791015625 622.574462890625 345.24072265625 0.9973477721214294 
530.554931640625 251.45785522460938 620.4205322265625 345.3457946777344 0.9964876770973206 
524.2291259765625 253.15562438964844 620.63427734375 342.27423095703125 0.9957353472709656 
522.2984619140625 247.02394104003906 620.42138671875 345.55987548828125 0.9981924295425415 
522.4978637695312 244.04373168945312 618.6466674804688 345.5131530761719 0.9978812336921692 
523.775146484375 243.82562255859375 614.669189453125 345.8984375 0.9979017376899719 
519.1325073242188 245.84214782714844 610.5963745117188 341.7950439453125 0.9979210495948792 
518.1207275390625 245.2779541015625 611.6121826171875 345.4547119140625 0.998490035533905 
516.7584228515625 243.18600463867188 610.95263671875 341.9944763183594 0.998377799987793 
515.7882080078125 242.646728515625 610.4017333984375 340.4466552734375 0.9984534978866577 
509.6197509765625 244.12213134765625 609.0679931640625 338.36004638671875 0.9983555674552917 
510.3545837402344 243.0687255859375 607.14111328125 337.7301025390625 0.9985841512680054 
511.50030517578125 239.96575927734375 600.9122924804688 336.25152587890625 0.9989970326423645 
512.677490234375 237.66824340820312 604.818359375 334.0790100097656 0.9986646175384521 
508.9012451171875 234.3858184814453 602.5762939453125 331.98626708984375 0.9993525147438049 
510.01220703125 231.21246337890625 604.1107177734375 331.96514892578125 0.9991784691810608 
509.0979309082031 227.55809020996094 604.9058227539062 332.9330139160156 0.9989955425262451 
506.4920959472656 226.48089599609375 605.3271484375 329.55841064453125 0.9980760812759399 
502.7737731933594 220.03268432617188 603.53515625 329.7312316894531 0.9991978406906128 
498.0338134765625 216.53939819335938 604.6942138671875 328.3124084472656 0.9993525147438049 
490.9717102050781 212.99412536621094 608.3408203125 331.42584228515625 0.9994058609008789 
489.1202392578125 207.69644165039062 606.7952880859375 328.7328186035156 0.999413251876831 
482.64874267578125 202.02459716796875 603.5012817382812 328.57537841796875 0.999380350112915 
481.8040771484375 200.01199340820312 603.8941650390625 324.8617248535156 0.9990372657775879 
480.0760803222656 191.7435302734375 603.897216796875 327.81744384765625 0.9996693730354309 
481.48712158203125 185.0530242919922 600.1046752929688 325.036865234375 0.9996039271354675 
482.390869140625 179.99664306640625 601.51220703125 321.59033203125 0.9994461536407471 
488.00555419921875 170.18511962890625 602.0693969726562 323.5255126953125 0.9995641708374023 
495.3065490722656 168.2940673828125 602.9752197265625 321.5198059082031 0.999384880065918 
502.6716613769531 161.73182678222656 604.567138671875 324.6773681640625 0.9993696808815002 
511.4912414550781 152.95709228515625 602.462646484375 323.930419921875 0.9996695518493652 