000001.jpg 118 839 254 1022 1 333 213 392 290 2 236 548 326 674 3 701 370 763 451 4 1202 383 1267 462 5 1551 557 1640 662 6 509 537 610 659 7 1233 559 1329 690 8 526 236 578 305 9 1115 144 1162 208 10 1362 281 1416 350 11 778 194 828 261 12 1161 252 1217 330 13 1287 116 1330 176 14 1511 438 1573 529 15 738 262 797 346 16 630 936 756 1078 17 1566 291 1627 368 18 392 393 473 480 19 1410 807 1536 934 20 1284 205 1328 261 21 505 124 548 178 22 1431 151 1468 203 23
000002.jpg 119 838 255 1022 1 334 213 392 289 2 236 553 325 675 3 700 370 763 451 4 1202 385 1267 461 5 1552 558 1640 661 6 508 539 608 659 7 1233 559 1329 690 8 527 237 578 305 9 1115 145 1163 209 10 1362 281 1416 352 11 777 194 828 261 12 1161 252 1215 329 13 1289 117 1332 176 14 1511 436 1575 527 15 738 262 797 347 16 630 936 756 1078 17 1567 291 1626 368 18 390 393 476 483 19 1408 806 1541 933 20 1283 206 1327 261 21 505 125 548 179 22 1428 148 1467 204 23
000003.jpg 120 838 257 1022 1 334 213 392 289 2 236 552 326 675 3 701 370 763 451 4 1202 385 1267 461 5 1552 558 1640 662 6 506 538 608 659 7 1233 559 1329 690 8 527 236 578 307 9 1115 144 1163 208 10 1361 281 1418 353 11 776 194 823 259 12 1161 251 1217 329 13 1289 116 1332 176 14 1510 437 1574 528 15 738 262 797 345 16 629 936 755 1077 17 1567 291 1626 368 18 392 393 475 481 19 1406 806 1541 933 20 1283 206 1329 261 21 505 124 548 178 22 1431 150 1468 202 23
000004.jpg 123 839 258 1021 1 335 213 393 289 2 235 551 328 673 3 701 370 763 451 4 1202 383 1267 461 5 1551 557 1640 662 6 504 536 607 661 7 1234 559 1328 691 8 526 235 577 306 9 1116 144 1164 208 10 1362 281 1417 352 11 776 194 822 259 12 1160 251 1217 330 13 1289 117 1332 176 14 1511 437 1576 528 15 738 261 800 347 16 629 936 756 1079 17 1567 291 1625 368 18 391 393 475 483 19 1406 806 1536 939 20 1283 205 1329 263 21 505 124 548 178 22 1430 147 1469 202 23
000005.jpg 124 835 259 1019 1 337 212 392 286 2 236 551 327 674 3 701 370 763 451 4 1201 383 1266 462 5 1552 558 1640 661 6 503 536 605 661 7 1233 560 1328 690 8 527 236 578 305 9 1116 144 1164 208 10 1361 282 1415 350 11 777 194 825 261 12 1160 251 1217 329 13 1289 118 1332 175 14 1512 437 1574 528 15 738 262 801 348 16 629 937 754 1077 17 1569 292 1626 369 18 391 392 473 482 19 1407 807 1539 935 20 1283 205 1329 261 21 505 121 548 176 22 1429 147 1467 202 23
000006.jpg 125 838 261 1018 1 337 212 395 285 2 235 550 325 674 3 701 371 763 452 4 1201 384 1266 461 5 1554 554 1643 661 6 504 540 606 659 7 1233 559 1329 690 8 527 237 579 305 9 1116 144 1164 207 10 1362 281 1417 351 11 775 194 822 259 12 1160 251 1216 330 13 1288 116 1330 176 14 1511 437 1575 527 15 738 261 797 345 16 629 936 756 1079 17 1568 293 1625 370 18 391 392 471 483 19 1405 809 1535 935 20 1283 206 1329 261 21 505 125 548 179 22 1430 148 1469 201 23
000007.jpg 128 835 262 1019 1 338 212 396 285 2 235 550 324 673 3 701 370 763 452 4 1201 384 1266 462 5 1552 558 1640 661 6 503 539 606 661 7 1233 558 1328 691 8 528 236 579 305 9 1117 144 1163 208 10 1362 281 1417 351 11 775 195 821 257 12 1160 251 1216 329 13 1289 117 1332 176 14 1511 437 1576 527 15 738 262 798 347 16 628 937 754 1078 17 1569 290 1629 369 18 391 392 470 482 19 1408 809 1538 938 20 1283 205 1329 261 21 505 123 548 177 22 1430 149 1469 202 23
000008.jpg 130 837 263 1017 1 338 212 397 284 2 235 548 324 674 3 700 369 763 451 4 1201 383 1266 461 5 1552 558 1640 661 6 503 540 605 661 7 1233 559 1329 690 8 527 236 579 307 9 1117 144 1163 207 10 1362 282 1416 350 11 775 195 821 259 12 1159 252 1215 330 13 1288 116 1332 177 14 1511 436 1576 530 15 738 262 802 347 16 628 936 756 1079 17 1568 292 1625 370 18 389 391 473 484 19 1410 810 1538 936 20 1282 206 1326 261 21 505 124 547 177 22 1429 148 1468 202 23
000009.jpg 132 837 266 1017 1 340 213 396 285 2 235 550 325 674 3 700 369 763 452 4 1201 383 1266 461 5 1554 555 1641 660 6 504 535 605 661 7 1233 558 1328 689 8 528 237 579 305 9 1117 144 1163 207 10 1362 282 1415 350 11 775 195 822 258 12 1158 251 1216 329 13 1288 116 1331 178 14 1513 437 1577 526 15 739 262 797 347 16 628 938 755 1076 17 1567 291 1627 370 18 389 391 472 486 19 1408 809 1537 937 20 1283 205 1328 261 21 505 122 548 176 22 1429 146 1467 199 23
000010.jpg 134 837 265 1016 1 340 213 399 284 2 236 550 325 675 3 701 369 763 452 4 1201 383 1266 461 5 1552 558 1640 662 6 507 539 605 657 7 1232 560 1327 692 8 526 237 579 305 9 1116 145 1164 207 10 1362 281 1416 353 11 776 196 822 259 12 1158 252 1217 330 13 1288 116 1331 176 14 1513 436 1578 525 15 738 261 797 346 16 627 937 755 1077 17 1567 291 1627 370 18 388 391 470 486 19 1403 809 1538 938 20 1282 206 1327 262 21 505 121 548 176 22 1430 148 1469 201 23
000011.jpg 134 838 268 1019 1 340 213 402 283 2 234 550 324 673 3 701 370 763 452 4 1201 384 1266 461 5 1555 555 1640 663 6 512 536 608 653 7 1233 555 1328 688 8 528 235 579 306 9 1117 143 1163 206 10 1361 281 1418 354 11 775 195 821 258 12 1158 252 1217 329 13 1287 115 1330 177 14 1514 438 1577 529 15 738 261 797 344 16 628 936 757 1079 17 1571 291 1631 365 18 387 391 470 487 19 1406 809 1537 939 20 1282 207 1326 263 21 505 121 548 175 22 1429 147 1467 201 23
000012.jpg 139 840 270 1016 1 342 213 401 283 2 236 549 324 672 3 701 371 763 452 4 1201 384 1267 461 5 1557 555 1644 659 6 514 536 611 653 7 1232 559 1328 689 8 528 236 579 304 9 1117 144 1164 208 10 1361 281 1416 353 11 775 195 821 258 12 1158 252 1215 331 13 1288 116 1330 177 14 1513 440 1579 529 15 739 261 799 346 16 627 937 754 1079 17 1570 291 1630 370 18 386 392 468 489 19 1405 808 1538 938 20 1282 207 1326 262 21 505 120 548 174 22 1428 147 1467 201 23
000013.jpg 141 837 272 1016 1 342 213 401 283 2 234 549 323 674 3 701 369 763 452 4 1201 385 1267 461 5 1552 557 1640 661 6 517 535 613 653 7 1234 556 1325 688 8 528 237 578 304 9 1117 143 1163 206 10 1361 281 1418 353 11 775 196 822 261 12 1157 251 1215 326 13 1287 116 1330 176 14 1515 440 1579 529 15 738 260 799 346 16 628 937 754 1079 17 1567 291 1627 370 18 385 392 469 491 19 1403 809 1538 936 20 1281 207 1325 262 21 505 121 548 174 22 1429 148 1466 201 23
000014.jpg 141 835 274 1011 1 342 213 401 284 2 234 549 324 673 3 701 370 763 452 4 1202 385 1267 461 5 1552 557 1640 660 6 523 534 617 654 7 1234 556 1325 688 8 528 236 579 304 9 1117 144 1163 208 10 1362 281 1415 349 11 775 197 822 259 12 1157 252 1214 327 13 1287 116 1330 176 14 1517 440 1579 524 15 738 260 798 346 16 626 938 754 1079 17 1566 292 1626 370 18 384 393 469 490 19 1406 809 1538 935 20 1281 207 1325 262 21 505 121 548 174 22 1430 149 1466 202 23
000015.jpg 144 836 276 1011 1 342 213 401 284 2 234 550 327 672 3 700 370 763 452 4 1202 384 1267 461 5 1552 557 1640 659 6 525 532 620 656 7 1233 561 1327 689 8 528 236 578 304 9 1116 145 1163 207 10 1362 282 1415 349 11 775 197 821 259 12 1157 252 1217 327 13 1288 116 1330 176 14 1517 439 1580 523 15 737 260 796 345 16 625 937 754 1079 17 1566 292 1626 370 18 384 393 469 491 19 1411 807 1538 936 20 1281 207 1324 262 21 506 121 549 175 22 1429 147 1466 201 23
000016.jpg 145 836 278 1011 1 342 213 401 284 2 234 550 327 672 3 701 370 763 452 4 1202 384 1267 461 5 1555 554 1644 659 6 528 525 624 651 7 1231 560 1328 690 8 528 236 579 303 9 1116 144 1164 207 10 1362 282 1416 350 11 774 196 822 258 12 1156 252 1216 328 13 1287 116 1330 176 14 1516 440 1579 527 15 737 261 796 346 16 626 940 753 1078 17 1567 291 1628 371 18 384 394 468 491 19 1407 810 1538 934 20 1282 207 1325 261 21 505 121 548 175 22 1429 148 1466 203 23
000017.jpg 147 836 281 1010 1 342 215 398 281 2 234 549 324 674 3 702 371 763 452 4 1204 383 1269 462 5 1558 554 1644 659 6 528 524 625 651 7 1231 558 1326 691 8 528 235 579 303 9 1114 144 1162 208 10 1362 282 1416 350 11 774 195 822 259 12 1156 253 1214 327 13 1288 116 1330 176 14 1515 441 1578 526 15 737 261 796 346 16 626 941 752 1079 17 1567 292 1628 371 18 385 395 469 491 19 1412 812 1537 934 20 1281 207 1324 262 21 505 121 547 175 22 1429 147 1466 201 23
000018.jpg 146 838 284 1017 1 341 215 397 282 2 233 548 324 675 3 701 370 763 452 4 1205 385 1268 463 5 1557 555 1642 658 6 533 526 625 647 7 1231 558 1326 691 8 528 235 579 303 9 1114 144 1162 208 10 1359 282 1417 354 11 774 194 821 257 12 1156 253 1215 329 13 1289 117 1332 176 14 1515 442 1580 526 15 738 261 797 345 16 626 940 752 1079 17 1567 292 1628 371 18 386 395 471 490 19 1411 811 1538 934 20 1281 207 1324 262 21 505 121 547 175 22 1429 148 1466 201 23
000019.jpg 150 838 284 1016 1 339 214 396 284 2 234 550 325 675 3 701 370 763 452 4 1206 385 1270 464 5 1556 554 1642 658 6 535 522 627 642 7 1230 558 1326 690 8 527 235 578 303 9 1113 143 1160 208 10 1362 282 1416 350 11 774 193 821 256 12 1156 252 1214 328 13 1289 116 1331 176 14 1516 441 1579 526 15 737 261 796 345 16 625 942 751 1078 17 1566 292 1626 369 18 386 396 470 491 19 1407 810 1537 933 20 1281 206 1324 261 21 505 121 548 175 22 1429 148 1466 201 23
000020.jpg 150 836 288 1018 1 338 214 394 285 2 236 552 325 674 3 701 372 763 453 4 1206 385 1270 463 5 1556 553 1642 656 6 537 521 629 642 7 1233 556 1325 689 8 526 234 577 303 9 1114 144 1160 208 10 1362 282 1416 351 11 776 191 824 255 12 1156 252 1214 328 13 1288 116 1330 176 14 1514 442 1578 526 15 738 261 797 346 16 624 940 752 1079 17 1567 292 1628 371 18 386 397 471 491 19 1411 810 1537 935 20 1279 205 1323 260 21 505 120 548 174 22 1429 149 1466 202 23
000021.jpg 151 836 289 1018 1 339 215 394 282 2 234 549 325 675 3 701 371 763 453 4 1206 384 1270 464 5 1557 552 1643 656 6 538 520 632 640 7 1233 556 1325 688 8 527 235 576 303 9 1113 144 1161 208 10 1362 282 1416 351 11 777 190 824 255 12 1156 251 1214 328 13 1288 116 1330 176 14 1513 442 1581 527 15 737 261 797 345 16 624 942 752 1076 17 1566 292 1627 370 18 385 396 472 491 19 1409 810 1537 934 20 1279 206 1322 260 21 505 121 547 175 22 1428 148 1466 201 23
000022.jpg 152 837 288 1015 1 336 216 393 286 2 234 551 324 674 3 701 372 762 453 4 1206 387 1271 465 5 1555 555 1643 658 6 540 519 634 640 7 1231 558 1327 693 8 527 234 578 302 9 1113 144 1161 208 10 1363 282 1417 350 11 778 190 826 253 12 1156 252 1214 328 13 1288 115 1331 177 14 1513 442 1580 526 15 738 261 797 345 16 624 941 752 1079 17 1567 291 1628 371 18 388 399 467 493 19 1410 810 1537 933 20 1279 206 1322 261 21 505 121 548 176 22 1429 149 1466 202 23
000023.jpg 153 836 290 1018 1 335 213 393 284 2 234 552 325 673 3 701 372 763 453 4 1206 384 1271 464 5 1555 556 1643 659 6 542 517 633 642 7 1231 558 1325 690 8 527 234 578 302 9 1113 144 1161 208 10 1363 282 1418 352 11 779 190 828 254 12 1157 252 1214 326 13 1289 116 1332 176 14 1513 442 1580 526 15 737 260 797 345 16 623 941 752 1079 17 1568 291 1628 370 18 388 399 467 493 19 1409 810 1537 933 20 1279 207 1322 260 21 505 122 548 176 22 1429 148 1466 201 23
000024.jpg 152 836 289 1018 1 333 214 392 285 2 234 550 325 674 3 701 370 763 452 4 1206 386 1271 466 5 1555 556 1642 658 6 545 515 639 641 7 1231 559 1325 689 8 526 235 577 302 9 1114 144 1162 208 10 1362 281 1418 352 11 779 190 828 254 12 1157 253 1214 328 13 1287 115 1330 177 14 1513 442 1580 524 15 737 261 796 344 16 623 943 753 1079 17 1569 291 1630 370 18 387 400 468 493 19 1410 812 1537 933 20 1279 206 1322 260 21 505 122 548 177 22 1429 148 1467 201 23
000025.jpg 154 838 290 1012 1 331 214 387 286 2 234 551 324 675 3 700 371 762 453 4 1206 386 1271 468 5 1554 557 1642 659 6 548 514 641 639 7 1231 560 1326 691 8 526 235 577 303 9 1114 144 1162 207 10 1362 282 1418 353 11 781 189 829 255 12 1157 254 1212 330 13 1288 116 1331 176 14 1514 441 1581 521 15 736 261 795 344 16 623 942 752 1079 17 1570 290 1629 366 18 387 399 467 494 19 1410 811 1537 934 20 1279 205 1322 259 21 505 120 548 174 22 1429 148 1466 201 23
000026.jpg 153 837 291 1017 1 330 214 385 286 2 234 551 325 674 3 701 370 763 452 4 1206 386 1271 466 5 1555 558 1642 660 6 551 517 640 638 7 1231 560 1326 689 8 526 235 577 303 9 1114 144 1162 207 10 1362 282 1416 351 11 781 189 830 254 12 1157 254 1212 326 13 1288 116 1331 176 14 1511 442 1581 526 15 735 261 794 344 16 622 942 752 1079 17 1567 292 1627 366 18 388 400 464 496 19 1411 811 1538 934 20 1279 205 1322 260 21 505 121 548 176 22 1429 148 1467 201 23
000027.jpg 153 837 291 1017 1 329 214 384 286 2 234 551 324 676 3 701 371 763 452 4 1206 386 1271 466 5 1554 556 1642 659 6 552 515 644 641 7 1232 560 1326 689 8 526 235 577 303 9 1114 144 1162 208 10 1362 282 1418 352 11 781 189 830 254 12 1156 253 1212 329 13 1288 116 1332 177 14 1511 443 1579 528 15 736 261 795 344 16 621 943 752 1079 17 1570 290 1630 367 18 387 402 466 496 19 1413 812 1538 935 20 1280 205 1322 260 21 505 121 548 176 22 1429 147 1466 201 23
000028.jpg 153 838 291 1017 1 328 214 384 286 2 234 552 326 673 3 701 370 763 452 4 1207 384 1271 465 5 1553 558 1641 660 6 553 507 644 644 7 1232 559 1326 691 8 525 234 577 303 9 1114 143 1162 209 10 1362 282 1416 350 11 781 189 831 255 12 1156 252 1212 326 13 1288 116 1332 177 14 1512 442 1579 528 15 736 261 795 344 16 623 942 751 1079 17 1570 290 1630 369 18 388 399 462 496 19 1407 810 1537 938 20 1280 205 1321 260 21 505 120 548 175 22 1429 147 1466 201 23
000029.jpg 153 838 291 1017 1 324 215 381 286 2 234 551 325 673 3 700 370 762 452 4 1206 386 1271 466 5 1554 557 1642 660 6 552 507 647 641 7 1232 558 1326 692 8 525 235 576 305 9 1116 144 1163 208 10 1362 281 1416 353 11 781 189 831 255 12 1155 252 1211 325 13 1288 115 1332 177 14 1512 441 1576 527 15 735 261 794 344 16 622 942 752 1078 17 1570 290 1630 366 18 388 400 463 496 19 1410 811 1536 939 20 1279 205 1321 260 21 505 120 548 174 22 1429 147 1466 201 23
000030.jpg 152 838 290 1023 1 324 215 380 288 2 234 551 325 674 3 700 370 762 452 4 1207 386 1271 466 5 1553 558 1640 660 6 556 507 648 642 7 1231 558 1325 691 8 524 235 576 305 9 1116 144 1164 209 10 1362 282 1416 350 11 782 189 831 255 12 1156 252 1212 326 13 1288 116 1332 177 14 1511 443 1578 528 15 735 261 794 344 16 623 941 751 1079 17 1571 291 1630 366 18 389 400 466 497 19 1411 813 1534 937 20 1279 206 1322 260 21 505 121 548 176 22 1429 148 1467 201 23
000031.jpg 153 838 291 1018 1 322 215 378 286 2 237 553 324 674 3 701 370 763 452 4 1208 387 1270 465 5 1553 557 1641 662 6 555 507 649 644 7 1231 558 1325 691 8 524 235 576 304 9 1115 144 1163 209 10 1360 281 1418 353 11 782 189 832 255 12 1155 252 1210 327 13 1288 116 1331 177 14 1512 442 1578 527 15 735 260 794 344 16 621 942 752 1079 17 1571 290 1630 367 18 388 401 466 497 19 1409 810 1536 939 20 1279 206 1322 260 21 505 120 548 175 22 1429 147 1467 201 23
000032.jpg 152 838 291 1018 1 318 214 375 287 2 237 552 325 675 3 702 370 761 452 4 1206 386 1271 466 5 1553 557 1641 662 6 561 512 650 645 7 1231 558 1324 693 8 524 235 575 304 9 1116 143 1164 206 10 1362 282 1417 351 11 783 189 831 255 12 1154 251 1210 325 13 1288 116 1332 177 14 1511 441 1576 527 15 735 260 793 344 16 620 942 751 1079 17 1572 291 1631 368 18 383 402 469 498 19 1405 810 1536 939 20 1278 208 1322 262 21 505 121 548 176 22 1429 147 1467 201 23
000033.jpg 153 838 290 1018 1 318 214 375 288 2 237 552 324 675 3 701 370 761 451 4 1205 384 1271 464 5 1554 557 1642 661 6 561 509 652 644 7 1231 560 1325 692 8 524 235 575 304 9 1116 144 1164 208 10 1362 282 1416 351 11 782 189 832 254 12 1154 251 1210 326 13 1288 115 1332 177 14 1512 441 1578 527 15 734 260 793 344 16 620 943 750 1078 17 1571 291 1630 366 18 389 403 465 499 19 1407 810 1536 939 20 1279 208 1322 262 21 505 120 548 174 22 1429 148 1466 201 23
000034.jpg 153 838 290 1018 1 317 214 374 288 2 234 551 324 676 3 701 371 761 452 4 1206 387 1270 465 5 1554 556 1643 661 6 563 515 655 645 7 1230 560 1324 691 8 523 235 575 306 9 1116 143 1164 209 10 1362 282 1416 351 11 782 190 830 251 12 1154 251 1210 326 13 1288 116 1332 177 14 1512 441 1578 526 15 735 260 793 343 16 620 944 749 1079 17 1571 291 1630 366 18 388 402 465 498 19 1404 810 1537 939 20 1279 208 1322 261 21 505 120 548 175 22 1429 148 1466 201 23
000035.jpg 152 839 288 1019 1 317 214 373 288 2 237 552 325 675 3 701 371 760 452 4 1206 387 1270 465 5 1552 557 1642 661 6 564 515 657 645 7 1230 559 1324 687 8 522 235 575 304 9 1116 143 1164 210 10 1359 282 1418 354 11 781 190 831 252 12 1154 253 1208 324 13 1288 116 1332 177 14 1511 442 1577 526 15 735 260 793 344 16 621 943 751 1079 17 1571 290 1630 366 18 384 402 471 497 19 1405 809 1537 939 20 1279 208 1321 261 21 505 120 548 175 22 1429 148 1466 201 23
000036.jpg 151 838 288 1018 1 316 214 373 288 2 234 550 325 674 3 701 371 760 452 4 1206 387 1270 465 5 1553 557 1641 662 6 565 515 657 646 7 1229 557 1324 687 8 522 235 575 304 9 1116 144 1164 208 10 1359 281 1418 353 11 782 190 829 252 12 1154 253 1209 325 13 1288 116 1331 177 14 1511 442 1577 526 15 734 259 793 344 16 620 944 749 1078 17 1571 290 1630 366 18 383 402 469 499 19 1406 809 1538 939 20 1280 208 1321 261 21 506 121 549 176 22 1429 148 1466 201 23
000037.jpg 152 840 288 1015 1 314 214 370 288 2 234 550 323 676 3 702 372 760 452 4 1207 387 1269 465 5 1553 557 1641 661 6 568 513 657 650 7 1227 556 1322 686 8 523 236 575 304 9 1116 143 1164 210 10 1359 282 1418 353 11 779 191 831 258 12 1154 253 1210 326 13 1288 116 1331 177 14 1511 442 1578 527 15 734 260 793 344 16 620 944 749 1079 17 1571 290 1630 366 18 383 403 472 498 19 1404 810 1538 939 20 1279 208 1322 261 21 505 121 548 175 22 1429 147 1466 200 23
000038.jpg 152 839 288 1018 1 314 214 370 289 2 234 550 324 676 3 701 371 761 451 4 1206 387 1270 465 5 1559 554 1645 660 6 570 516 660 649 7 1224 557 1319 683 8 522 235 575 306 9 1117 145 1163 208 10 1359 281 1418 353 11 781 190 830 253 12 1154 252 1208 326 13 1288 115 1330 177 14 1511 442 1578 526 15 734 260 793 344 16 620 943 749 1077 17 1571 290 1631 368 18 383 403 471 497 19 1406 810 1537 939 20 1280 206 1321 261 21 505 121 547 175 22 1429 148 1466 201 23
000039.jpg 153 838 290 1018 1 312 216 369 295 2 234 550 323 675 3 701 370 761 452 4 1207 387 1269 465 5 1554 557 1642 660 6 571 514 665 644 7 1219 549 1308 682 8 522 235 575 305 9 1119 144 1165 208 10 1359 281 1417 352 11 780 191 830 255 12 1153 251 1207 325 13 1287 115 1330 177 14 1511 442 1577 527 15 733 260 793 342 16 620 944 750 1078 17 1571 290 1631 368 18 383 403 471 498 19 1409 810 1538 939 20 1280 207 1322 260 21 505 120 547 175 22 1429 148 1466 201 23
000040.jpg 153 839 290 1015 1 312 216 368 295 2 234 550 323 676 3 701 371 761 452 4 1207 387 1269 465 5 1553 557 1642 660 6 575 516 665 646 7 1215 553 1309 678 8 522 235 575 306 9 1119 144 1164 207 10 1362 282 1417 351 11 778 192 831 256 12 1153 251 1207 326 13 1287 115 1330 177 14 1510 442 1575 527 15 733 260 793 340 16 620 943 750 1078 17 1571 290 1632 367 18 383 403 472 499 19 1408 810 1537 938 20 1280 207 1322 261 21 505 121 548 176 22 1430 149 1467 201 23 1069 257 1106 307 24
000041.jpg 153 838 290 1017 1 311 216 368 295 2 234 550 324 675 3 701 371 761 452 4 1206 387 1269 465 5 1557 555 1642 658 6 578 517 668 649 7 1215 549 1302 679 8 522 235 575 306 9 1119 143 1164 207 10 1362 282 1415 350 11 780 191 828 254 12 1154 252 1206 324 13 1288 115 1330 177 14 1510 442 1577 527 15 731 259 791 337 16 619 943 749 1079 17 1572 290 1632 369 18 383 404 473 502 19 1410 808 1537 937 20 1280 207 1322 260 21 505 120 548 174 22 1429 148 1466 201 23
000042.jpg 152 841 292 1020 1 311 216 368 295 2 234 550 324 676 3 701 370 763 452 4 1205 386 1271 466 5 1558 555 1644 659 6 578 517 669 652 7 1211 545 1300 679 8 522 235 575 306 9 1118 144 1166 209 10 1361 282 1418 352 11 780 193 826 254 12 1153 251 1207 326 13 1287 115 1330 177 14 1510 442 1577 527 15 730 259 791 338 16 620 943 749 1078 17 1572 290 1632 370 18 383 404 473 503 19 1409 809 1538 939 20 1279 206 1321 261 21 505 120 548 174 22 1429 148 1466 201 23
000043.jpg 153 841 291 1020 1 310 216 367 294 2 234 550 324 677 3 700 370 762 452 4 1206 387 1270 465 5 1557 554 1642 661 6 580 519 671 650 7 1210 544 1299 676 8 522 235 574 305 9 1120 144 1166 208 10 1362 283 1416 350 11 781 194 826 254 12 1153 250 1208 325 13 1288 116 1331 177 14 1510 443 1575 529 15 731 257 788 335 16 620 943 749 1079 17 1572 290 1632 369 18 384 404 473 503 19 1405 810 1539 938 20 1280 208 1322 262 21 505 121 548 175 22 1429 147 1467 201 23
000044.jpg 153 841 291 1021 1 310 216 369 295 2 234 550 324 676 3 701 370 761 452 4 1205 388 1270 465 5 1558 554 1644 659 6 578 520 675 655 7 1207 549 1296 675 8 522 235 574 306 9 1119 145 1164 208 10 1361 282 1417 351 11 780 192 830 258 12 1152 251 1209 327 13 1288 115 1331 177 14 1511 442 1578 528 15 728 257 788 337 16 619 944 750 1078 17 1573 289 1632 369 18 384 405 473 503 19 1402 810 1538 939 20 1279 207 1322 262 21 505 120 548 174 22 1429 147 1466 201 23
000045.jpg 153 841 291 1021 1 310 216 367 295 2 237 555 326 674 3 701 370 760 452 4 1205 388 1270 465 5 1557 554 1642 661 6 584 516 676 651 7 1204 542 1295 673 8 522 236 574 305 9 1119 145 1164 208 10 1362 281 1416 353 11 783 192 830 256 12 1152 251 1207 325 13 1288 115 1331 177 14 1511 443 1575 528 15 727 256 788 337 16 619 943 750 1079 17 1573 289 1632 369 18 384 405 473 504 19 1399 808 1538 938 20 1279 206 1321 262 21 506 121 548 175 22 1429 147 1466 201 23
000046.jpg 153 837 290 1018 1 310 216 367 295 2 236 554 327 676 3 700 369 762 452 4 1205 387 1270 465 5 1557 554 1642 660 6 587 523 682 658 7 1198 539 1289 672 8 522 236 574 305 9 1118 145 1163 208 10 1362 282 1416 353 11 782 192 830 258 12 1152 251 1209 325 13 1288 115 1331 177 14 1511 441 1577 528 15 725 255 785 335 16 621 943 750 1078 17 1573 289 1632 368 18 384 405 473 504 19 1396 808 1539 938 20 1279 206 1321 262 21 505 121 548 174 22 1429 148 1466 201 23
000047.jpg 153 840 291 1021 1 310 216 367 295 2 235 554 327 673 3 700 369 762 452 4 1205 386 1271 466 5 1558 554 1642 660 6 590 522 683 659 7 1197 535 1284 672 8 523 237 574 305 9 1119 144 1165 208 10 1361 282 1416 353 11 784 192 830 256 12 1152 251 1209 324 13 1288 115 1331 177 14 1511 442 1577 527 15 725 256 785 334 16 621 943 749 1078 17 1573 289 1632 368 18 385 407 473 507 19 1393 806 1540 940 20 1280 206 1321 262 21 505 121 547 174 22 1429 147 1466 201 23
000048.jpg 153 841 291 1021 1 310 216 368 295 2 235 550 325 675 3 700 369 762 452 4 1206 387 1269 466 5 1554 556 1642 661 6 591 523 685 660 7 1196 543 1284 672 8 522 235 574 306 9 1119 144 1165 209 10 1359 281 1418 356 11 785 191 832 257 12 1152 250 1207 325 13 1288 115 1331 177 14 1510 443 1575 529 15 726 254 786 334 16 620 943 750 1077 17 1573 289 1632 368 18 386 407 474 506 19 1396 807 1539 939 20 1280 206 1322 262 21 505 121 547 175 22 1429 148 1466 201 23
000049.jpg 154 841 291 1021 1 311 215 368 295 2 235 551 324 676 3 700 370 760 452 4 1205 386 1270 466 5 1554 557 1642 660 6 592 524 686 661 7 1195 545 1283 676 8 521 235 575 306 9 1120 144 1167 210 10 1359 282 1417 352 11 786 190 833 255 12 1152 251 1209 324 13 1288 115 1331 177 14 1510 444 1575 528 15 724 254 784 333 16 620 943 751 1078 17 1571 289 1631 368 18 385 408 473 507 19 1394 807 1539 940 20 1281 208 1323 262 21 505 121 548 175 22 1429 148 1466 201 23
000050.jpg 153 839 290 1023 1 310 216 369 295 2 234 550 323 676 3 700 370 762 451 4 1205 386 1270 466 5 1553 557 1641 661 6 597 528 691 666 7 1186 541 1278 674 8 521 234 575 306 9 1120 144 1166 210 10 1357 282 1417 355 11 786 190 834 256 12 1153 252 1207 323 13 1287 115 1331 177 14 1510 444 1575 529 15 724 254 784 333 16 620 942 753 1079 17 1573 290 1632 369 18 387 408 472 508 19 1397 808 1539 939 20 1280 205 1322 260 21 505 120 548 174 22 1430 148 1468 201 23
000051.jpg 152 836 288 1019 1 311 215 368 294 2 234 550 325 676 3 700 371 762 453 4 1206 387 1270 465 5 1553 557 1641 662 6 598 532 693 668 7 1182 543 1277 672 8 521 235 575 305 9 1120 143 1166 210 10 1360 282 1414 351 11 787 190 834 255 12 1152 251 1207 325 13 1287 115 1330 177 14 1510 444 1575 529 15 724 254 784 333 16 620 943 751 1078 17 1573 289 1632 368 18 388 411 470 509 19 1404 806 1539 936 20 1280 206 1322 260 21 505 120 548 174 22 1430 149 1468 203 23
000052.jpg 153 837 291 1019 1 311 215 368 294 2 234 550 324 677 3 700 370 762 452 4 1205 386 1270 466 5 1554 557 1641 662 6 598 534 694 669 7 1182 541 1276 672 8 521 236 574 305 9 1119 143 1165 210 10 1357 281 1417 356 11 787 189 834 255 12 1153 251 1206 323 13 1287 115 1331 177 14 1511 444 1575 529 15 723 253 782 333 16 620 943 753 1079 17 1573 289 1632 368 18 388 411 470 509 19 1401 808 1538 937 20 1279 205 1323 260 21 505 120 548 174 22 1429 149 1466 203 23
000053.jpg 154 836 289 1017 1 311 215 370 295 2 234 550 324 676 3 700 370 762 451 4 1205 386 1270 466 5 1553 557 1640 662 6 601 536 693 673 7 1180 541 1275 668 8 521 237 574 303 9 1117 144 1165 208 10 1360 281 1416 352 11 787 189 834 254 12 1153 251 1208 325 13 1287 115 1330 177 14 1511 444 1575 529 15 723 252 782 333 16 620 942 753 1079 17 1573 289 1632 368 18 387 411 471 510 19 1405 806 1539 939 20 1279 206 1322 258 21 505 121 547 175 22 1429 148 1467 201 23
000054.jpg 154 837 287 1023 1 311 216 370 295 2 235 550 326 675 3 700 371 762 452 4 1205 386 1270 466 5 1553 557 1641 662 6 600 538 696 675 7 1183 541 1272 672 8 522 237 574 303 9 1117 144 1164 209 10 1360 281 1414 353 11 786 189 834 255 12 1152 251 1207 323 13 1287 115 1330 177 14 1510 443 1575 529 15 724 253 783 333 16 620 943 753 1079 17 1573 289 1632 368 18 387 412 472 510 19 1408 808 1539 937 20 1280 206 1322 259 21 505 121 547 176 22 1429 148 1467 201 23
000055.jpg 152 837 289 1021 1 312 215 370 296 2 235 551 326 675 3 700 371 762 452 4 1205 386 1271 466 5 1553 557 1640 662 6 602 542 693 678 7 1178 543 1274 666 8 521 236 573 305 9 1117 143 1165 210 10 1360 282 1414 350 11 786 189 833 255 12 1153 251 1209 325 13 1287 115 1331 177 14 1511 444 1575 528 15 723 250 781 328 16 621 942 753 1079 17 1572 289 1632 368 18 387 411 472 510 19 1406 808 1539 936 20 1280 206 1322 259 21 506 122 548 177 22 1429 147 1467 200 23
000056.jpg 152 838 290 1025 1 312 214 375 295 2 237 554 326 675 3 701 371 762 453 4 1205 386 1271 465 5 1553 557 1640 662 6 602 552 693 688 7 1177 545 1271 668 8 522 238 574 306 9 1117 145 1163 208 10 1360 281 1414 352 11 784 190 831 255 12 1153 250 1207 324 13 1287 115 1330 177 14 1510 444 1575 528 15 722 249 782 326 16 623 942 751 1079 17 1572 290 1633 370 18 387 411 472 510 19 1392 805 1540 941 20 1280 205 1322 260 21 505 120 548 175 22 1429 146 1467 201 23
000057.jpg 153 838 289 1021 1 312 215 375 295 2 236 550 325 676 3 700 371 762 453 4 1206 387 1271 465 5 1556 556 1640 661 6 603 557 695 688 7 1176 542 1271 665 8 522 239 573 304 9 1116 146 1163 210 10 1360 281 1415 351 11 782 189 832 254 12 1153 251 1209 327 13 1287 115 1331 177 14 1510 444 1574 528 15 722 249 783 329 16 623 943 752 1079 17 1572 290 1632 369 18 388 411 471 509 19 1394 807 1539 939 20 1280 206 1322 260 21 505 121 548 176 22 1429 146 1467 201 23
000058.jpg 154 837 287 1020 1 312 215 375 295 2 236 550 326 675 3 700 372 762 453 4 1206 386 1271 466 5 1554 558 1641 662 6 601 558 698 693 7 1178 542 1269 670 8 521 239 573 306 9 1116 146 1163 210 10 1360 281 1415 352 11 781 188 830 253 12 1153 251 1209 327 13 1288 115 1331 177 14 1510 444 1574 528 15 724 251 787 329 16 622 943 752 1079 17 1573 290 1633 370 18 387 411 471 510 19 1393 806 1537 940 20 1280 206 1322 260 21 506 121 549 176 22 1429 147 1468 200 23
000059.jpg 151 840 289 1022 1 312 215 376 296 2 238 554 328 676 3 700 371 762 453 4 1206 387 1271 465 5 1553 557 1640 662 6 604 565 700 700 7 1176 541 1271 664 8 521 239 573 304 9 1115 144 1164 212 10 1360 281 1414 352 11 780 188 829 250 12 1153 250 1209 324 13 1287 115 1330 178 14 1510 444 1576 528 15 723 249 783 330 16 623 942 752 1079 17 1573 289 1633 368 18 387 411 471 510 19 1391 806 1536 940 20 1280 206 1322 259 21 506 121 549 176 22 1429 147 1468 201 23
000060.jpg 151 839 288 1018 1 313 215 376 296 2 238 552 328 675 3 701 372 762 453 4 1206 384 1271 463 5 1553 558 1639 662 6 613 575 702 708 7 1175 538 1270 661 8 521 238 573 306 9 1115 145 1164 212 10 1358 280 1416 352 11 778 187 827 249 12 1154 251 1209 326 13 1287 115 1331 177 14 1510 444 1574 528 15 725 251 783 331 16 624 943 752 1079 17 1573 290 1633 370 18 386 412 471 510 19 1390 805 1536 940 20 1280 206 1322 260 21 506 122 549 176 22 1430 148 1469 202 23
000061.jpg 151 839 288 1018 1 314 215 372 297 2 238 554 326 674 3 701 372 762 453 4 1206 383 1272 462 5 1554 558 1639 662 6 614 581 703 712 7 1175 537 1270 661 8 521 238 573 306 9 1115 144 1164 212 10 1360 281 1414 352 11 776 187 823 247 12 1153 251 1209 324 13 1287 115 1330 177 14 1511 444 1575 528 15 725 252 784 332 16 624 943 752 1078 17 1574 291 1633 370 18 386 412 471 510 19 1393 804 1536 939 20 1280 207 1322 260 21 506 122 549 176 22 1430 148 1469 201 23
000062.jpg 150 839 289 1022 1 315 215 374 294 2 237 555 327 676 3 700 372 762 453 4 1206 383 1271 463 5 1553 558 1639 662 6 616 587 706 717 7 1176 537 1270 660 8 521 239 573 307 9 1113 144 1163 212 10 1359 281 1415 353 11 774 186 822 246 12 1154 252 1209 322 13 1287 115 1330 178 14 1510 444 1575 528 15 724 251 784 331 16 624 944 752 1079 17 1573 290 1633 370 18 385 412 471 511 19 1393 805 1537 940 20 1281 206 1323 261 21 506 122 549 176 22 1430 147 1469 200 23
000063.jpg 151 840 288 1022 1 315 216 374 298 2 238 555 327 677 3 701 372 762 453 4 1208 384 1272 463 5 1554 558 1639 662 6 617 595 708 722 7 1176 538 1270 658 8 521 238 574 307 9 1114 145 1163 212 10 1359 280 1414 352 11 773 186 820 246 12 1154 251 1209 324 13 1288 115 1332 178 14 1510 443 1575 528 15 723 251 784 333 16 624 944 752 1078 17 1573 291 1634 370 18 386 411 474 511 19 1396 805 1537 939 20 1281 208 1324 263 21 504 121 548 176 22 1430 147 1469 200 23
000064.jpg 151 840 287 1024 1 315 215 374 294 2 236 550 325 676 3 700 371 762 452 4 1208 384 1273 463 5 1553 558 1638 661 6 616 601 710 728 7 1178 537 1267 658 8 521 239 575 307 9 1114 144 1165 212 10 1360 281 1415 352 11 771 186 818 246 12 1154 251 1209 323 13 1287 115 1330 178 14 1510 444 1575 528 15 725 252 784 332 16 625 943 752 1078 17 1573 291 1633 370 18 387 410 472 511 19 1391 805 1537 939 20 1281 209 1324 263 21 506 121 549 176 22 1430 147 1469 200 23
000065.jpg 150 839 286 1023 1 315 215 375 297 2 238 554 327 674 3 701 371 762 452 4 1209 384 1273 463 5 1554 558 1636 661 6 618 608 713 732 7 1177 538 1264 657 8 521 239 575 310 9 1113 144 1163 212 10 1360 281 1416 351 11 770 186 816 246 12 1154 251 1207 323 13 1287 116 1330 179 14 1511 443 1577 527 15 724 251 781 333 16 624 945 752 1079 17 1573 292 1634 371 18 386 410 475 512 19 1393 805 1538 940 20 1282 209 1325 263 21 506 122 549 176 22 1430 148 1469 200 23
000066.jpg 149 841 286 1022 1 317 215 374 293 2 236 550 326 676 3 700 370 762 451 4 1210 382 1274 462 5 1553 558 1639 662 6 620 619 716 745 7 1180 534 1266 655 8 521 239 576 310 9 1114 145 1162 210 10 1360 281 1415 350 11 768 183 815 246 12 1155 252 1210 321 13 1287 116 1330 176 14 1510 443 1575 526 15 721 248 781 329 16 625 946 752 1076 17 1574 292 1634 372 18 387 407 473 508 19 1396 806 1540 939 20 1283 210 1326 263 21 505 122 548 176 22 1430 148 1469 200 23
000067.jpg 149 840 285 1024 1 318 214 375 292 2 236 550 326 676 3 700 370 762 452 4 1212 382 1273 462 5 1554 558 1639 662 6 618 623 716 749 7 1179 535 1269 654 8 522 239 576 310 9 1113 145 1162 212 10 1360 281 1415 351 11 768 184 813 246 12 1155 251 1210 324 13 1287 116 1330 176 14 1510 443 1576 526 15 720 249 780 329 16 625 946 751 1077 17 1574 292 1634 372 18 388 408 473 506 19 1405 806 1541 935 20 1282 208 1326 263 21 505 121 548 175 22 1430 147 1469 201 23
000068.jpg 148 841 284 1023 1 318 215 375 292 2 236 550 325 676 3 700 370 762 451 4 1211 381 1275 462 5 1554 558 1640 661 6 621 631 718 747 7 1179 533 1270 654 8 522 239 576 310 9 1113 145 1162 210 10 1360 280 1413 350 11 767 184 812 246 12 1154 252 1210 324 13 1287 116 1330 176 14 1510 442 1574 526 15 721 248 781 335 16 625 944 752 1076 17 1573 290 1635 370 18 389 406 472 505 19 1405 804 1542 939 20 1283 209 1326 263 21 505 121 548 175 22 1430 147 1469 200 23
000069.jpg 148 842 283 1024 1 318 215 375 292 2 236 551 326 676 3 701 371 761 452 4 1212 381 1274 462 5 1555 558 1641 661 6 623 635 715 752 7 1181 526 1270 651 8 522 239 576 310 9 1114 145 1162 211 10 1359 280 1413 352 11 764 183 813 246 12 1154 252 1210 322 13 1288 116 1331 176 14 1509 442 1574 527 15 720 249 779 330 16 626 944 751 1076 17 1573 291 1635 374 18 389 405 473 504 19 1406 805 1541 938 20 1282 209 1326 263 21 505 122 547 176 22 1430 147 1469 200 23
000070.jpg 146 840 283 1022 1 318 215 376 292 2 237 555 327 674 3 701 370 762 452 4 1212 380 1275 462 5 1554 558 1641 663 6 623 642 722 755 7 1181 527 1273 652 8 522 239 576 310 9 1113 145 1160 211 10 1359 280 1412 350 11 763 185 811 247 12 1154 253 1208 321 13 1287 116 1330 176 14 1512 440 1576 522 15 720 248 778 331 16 625 944 752 1076 17 1574 292 1634 372 18 391 402 476 499 19 1396 799 1540 941 20 1283 209 1326 263 21 505 121 548 175 22 1430 147 1469 201 23
000071.jpg 146 840 284 1022 1 318 215 376 292 2 237 554 327 674 3 700 370 762 451 4 1212 380 1274 463 5 1554 558 1641 663 6 626 652 726 767 7 1183 528 1267 648 8 522 239 576 310 9 1112 146 1158 210 10 1359 281 1412 350 11 764 184 811 245 12 1155 251 1208 320 13 1288 117 1332 176 14 1511 441 1577 524 15 720 250 778 329 16 625 945 753 1076 17 1573 293 1634 371 18 391 402 476 499 19 1398 804 1541 935 20 1282 208 1328 262 21 505 121 548 175 22 1430 148 1469 201 23
000072.jpg 146 840 283 1022 1 318 215 376 293 2 237 554 327 674 3 700 370 762 452 4 1212 380 1275 462 5 1555 559 1642 663 6 627 653 725 768 7 1185 530 1268 647 8 522 239 576 310 9 1112 144 1158 209 10 1360 282 1414 351 11 762 183 810 246 12 1155 251 1208 320 13 1288 116 1332 176 14 1512 440 1575 525 15 719 248 780 331 16 625 945 755 1077 17 1574 290 1634 370 18 394 404 472 496 19 1397 800 1542 939 20 1282 208 1328 261 21 505 121 547 174 22 1430 148 1469 201 23
000073.jpg 147 841 283 1020 1 318 215 376 293 2 237 555 327 673 3 700 371 762 452 4 1212 381 1276 464 5 1554 559 1641 663 6 626 650 725 762 7 1186 531 1269 645 8 523 239 575 310 9 1111 146 1159 210 10 1359 281 1412 350 11 762 183 810 245 12 1156 253 1210 320 13 1288 116 1331 178 14 1512 439 1575 521 15 719 249 780 332 16 625 944 755 1078 17 1574 291 1634 369 18 396 402 473 496 19 1402 801 1544 936 20 1284 207 1329 263 21 506 120 549 175 22 1430 148 1469 201 23 1224 713 1286 778 25
000074.jpg 146 841 284 1023 1 319 215 377 292 2 237 554 327 674 3 700 370 762 451 4 1212 381 1276 464 5 1554 558 1641 663 6 1186 532 1270 649 8 522 239 576 310 9 1112 146 1158 210 10 1360 281 1414 351 11 762 183 810 245 12 1155 252 1210 323 13 1288 116 1332 176 14 1512 438 1575 526 15 717 248 777 328 16 625 944 752 1077 17 1574 292 1634 369 18 397 401 472 496 19 1402 805 1542 938 20 1283 208 1329 262 21 505 122 547 176 22 1430 148 1469 200 23
000075.jpg 147 841 282 1021 1 318 215 376 293 2 238 555 327 675 3 700 370 762 451 4 1212 380 1277 464 5 1555 559 1643 663 6 627 654 726 761 7 1185 528 1272 649 8 522 238 577 310 9 1112 146 1158 210 10 1360 281 1414 351 11 762 183 810 246 12 1155 252 1208 320 13 1288 116 1331 176 14 1511 439 1577 528 15 717 248 777 326 16 624 945 753 1076 17 1573 292 1636 371 18 397 402 475 492 19 1407 807 1538 934 20 1283 207 1329 264 21 505 120 548 174 22 1430 147 1469 202 23
000076.jpg 146 840 283 1023 1 319 215 377 296 2 239 554 328 675 3 700 370 762 452 4 1214 380 1279 465 5 1557 558 1642 663 6 1186 527 1273 649 8 523 238 575 310 9 1111 146 1159 210 10 1359 281 1413 351 11 760 183 808 245 12 1155 252 1208 319 13 1288 116 1331 178 14 1512 438 1576 527 15 716 247 776 325 16 624 945 753 1076 17 1574 292 1634 371 18 394 398 478 491 19 1406 809 1541 936 20 1283 206 1329 261 21 505 122 547 176 22 1430 147 1469 201 23
000077.jpg 146 841 282 1023 1 319 215 377 296 2 236 550 326 675 3 701 371 761 452 4 1214 379 1280 466 5 1557 558 1642 663 6 1186 525 1275 648 8 523 238 575 310 9 1112 146 1158 210 10 1359 281 1414 352 11 759 183 807 246 12 1156 252 1208 323 13 1287 115 1330 178 14 1511 438 1576 527 15 717 247 776 326 16 625 946 753 1075 17 1573 291 1636 373 18 395 401 479 493 19 1406 805 1538 936 20 1284 206 1330 260 21 505 121 548 175 22 1429 147 1466 200 23 1221 717 1279 774 26
000078.jpg 146 840 283 1023 1 319 215 376 295 2 236 552 326 676 3 700 370 762 451 4 1216 382 1285 468 5 1557 558 1642 664 6 1186 522 1275 649 8 523 238 575 310 9 1112 146 1157 211 10 1359 281 1414 351 11 759 184 807 246 12 1156 252 1209 321 13 1287 115 1330 178 14 1511 438 1577 527 15 718 247 778 331 16 626 945 754 1078 17 1574 290 1634 370 18 395 397 480 491 19 1410 805 1538 935 20 1283 206 1329 260 21 505 121 548 176 22 1429 147 1469 201 23 1222 714 1280 778 26
000079.jpg 146 841 283 1023 1 318 215 376 291 2 236 552 327 676 3 700 371 762 452 4 1216 380 1285 469 5 1554 559 1641 663 6 1186 524 1274 650 8 522 238 576 309 9 1111 146 1158 211 10 1359 281 1414 350 11 759 183 807 246 12 1157 254 1209 322 13 1288 117 1331 177 14 1512 438 1577 527 15 716 246 776 326 16 626 945 755 1076 17 1574 291 1634 369 18 394 397 480 490 19 1411 809 1541 936 20 1284 207 1330 260 21 506 122 548 177 22 1430 147 1469 201 23 1222 712 1281 778 26
000080.jpg 146 840 283 1023 1 318 215 376 292 2 237 552 328 676 3 701 370 761 451 4 1217 381 1283 467 5 1551 558 1640 662 6 629 651 733 760 7 1191 528 1276 649 8 522 239 576 310 9 1112 146 1158 210 10 1359 282 1412 349 11 757 184 805 246 12 1158 254 1208 319 13 1288 116 1331 177 14 1511 437 1576 527 15 717 245 777 326 16 626 944 755 1078 17 1573 292 1636 371 18 395 398 478 488 19 1411 806 1539 935 20 1283 207 1327 261 21 506 122 549 177 22 1429 148 1467 200 23
000081.jpg 146 841 282 1025 1 318 215 376 291 2 235 554 328 674 3 700 370 761 451 4 1215 380 1283 467 5 1553 558 1639 663 6 630 652 734 761 7 1193 528 1278 649 8 522 239 576 310 9 1112 146 1156 210 10 1359 282 1412 350 11 757 183 805 246 12 1158 254 1210 320 13 1288 116 1332 178 14 1511 438 1577 527 15 716 245 776 325 16 626 944 755 1077 17 1573 292 1636 371 18 398 400 474 487 19 1407 804 1542 935 20 1282 207 1327 262 21 506 121 549 176 22 1430 147 1469 201 23
000082.jpg 145 840 283 1023 1 318 215 375 292 2 235 552 326 675 3 701 370 761 451 4 1216 380 1283 468 5 1553 557 1640 663 6 631 653 734 758 7 1195 529 1277 648 8 523 239 575 309 9 1110 146 1156 210 10 1359 281 1414 350 11 757 183 805 245 12 1159 253 1212 322 13 1287 116 1330 176 14 1511 437 1576 527 15 717 245 776 325 16 626 945 755 1077 17 1573 290 1636 373 18 396 399 477 486 19 1410 809 1538 935 20 1283 208 1329 261 21 505 122 548 177 22 1430 147 1466 200 23
000083.jpg 145 842 283 1024 1 318 215 375 292 2 238 552 327 675 3 701 370 761 451 4 1217 381 1285 469 5 1553 558 1639 662 6 628 649 734 764 7 1193 522 1281 646 8 522 238 576 309 9 1110 146 1156 211 10 1359 281 1414 352 11 757 183 804 245 12 1158 252 1212 324 13 1287 115 1330 178 14 1510 437 1576 526 15 717 246 776 326 16 627 944 755 1078 17 1573 291 1636 374 18 396 398 476 485 19 1409 806 1538 936 20 1282 206 1326 261 21 506 121 549 176 22 1429 147 1467 202 23 1218 703 1279 775 26
000084.jpg 144 840 280 1023 1 318 215 375 292 2 236 551 326 676 3 701 370 761 451 4 1216 380 1285 469 5 1553 558 1639 663 6 631 646 734 758 7 1196 527 1280 646 8 522 238 576 309 9 1110 145 1156 211 10 1359 281 1414 352 11 756 183 803 246 12 1158 252 1211 324 13 1287 116 1330 176 14 1509 438 1575 522 15 717 245 777 326 16 627 942 755 1078 17 1572 292 1636 375 18 396 397 477 485 19 1409 807 1539 934 20 1282 208 1326 261 21 506 120 549 175 22 1430 147 1469 201 23
000085.jpg 145 840 282 1022 1 318 215 376 292 2 235 553 326 674 3 700 370 761 451 4 1217 381 1286 469 5 1553 558 1639 663 6 631 646 732 751 7 1193 523 1280 646 8 522 240 575 307 9 1110 146 1156 210 10 1359 281 1412 350 11 755 183 803 246 12 1158 254 1209 320 13 1287 116 1330 176 14 1510 437 1575 526 15 719 244 778 326 16 627 943 755 1078 17 1573 290 1636 373 18 396 397 478 486 19 1408 808 1541 938 20 1282 207 1326 261 21 506 120 548 175 22 1430 147 1469 201 23
000086.jpg 144 839 280 1023 1 315 215 374 297 2 235 552 327 676 3 700 370 761 452 4 1217 381 1286 470 5 1552 558 1639 662 6 635 644 734 756 7 1195 526 1282 643 8 522 238 575 306 9 1111 146 1157 210 10 1359 282 1412 351 11 755 183 803 246 12 1160 252 1212 323 13 1287 116 1330 176 14 1511 438 1575 527 15 721 242 780 327 16 626 942 756 1078 17 1572 292 1636 374 18 395 394 478 485 19 1409 808 1541 937 20 1282 207 1326 260 21 506 121 549 176 22 1430 147 1469 201 23
000087.jpg 143 840 281 1023 1 315 215 372 298 2 235 552 326 676 3 700 369 761 452 4 1216 382 1284 469 5 1556 556 1641 663 6 635 642 735 754 7 1196 522 1282 645 8 522 237 576 308 9 1110 146 1156 210 10 1359 281 1412 351 11 755 183 803 246 12 1160 252 1211 323 13 1287 115 1330 177 14 1511 439 1576 526 15 721 242 780 327 16 626 943 755 1079 17 1573 291 1636 373 18 395 396 476 487 19 1410 808 1541 938 20 1282 208 1326 261 21 505 122 548 177 22 1429 148 1467 201 23
000088.jpg 144 840 282 1022 1 313 216 370 296 2 236 552 327 676 3 700 369 761 452 4 1216 381 1286 469 5 1554 558 1636 661 6 635 640 736 750 7 1195 523 1283 639 8 522 237 575 306 9 1110 147 1156 211 10 1359 282 1414 352 11 755 183 803 246 12 1160 251 1213 323 13 1287 115 1331 177 14 1511 439 1574 521 15 723 240 782 327 16 626 944 755 1079 17 1573 291 1636 373 18 396 397 474 488 19 1410 811 1543 938 20 1282 208 1326 261 21 506 121 549 176 22 1429 148 1467 203 23
000089.jpg 142 839 280 1023 1 309 217 368 297 2 237 552 329 676 3 700 370 761 452 4 1216 381 1284 468 5 1554 558 1636 661 6 636 638 737 748 7 1198 518 1285 640 8 523 237 575 305 9 1110 146 1156 210 10 1359 281 1414 352 11 755 183 804 246 12 1160 252 1212 324 13 1287 115 1330 177 14 1510 439 1574 520 15 727 241 785 328 16 625 944 753 1077 17 1573 291 1636 373 18 394 395 476 486 19 1409 808 1542 940 20 1283 208 1325 261 21 506 121 549 176 22 1429 146 1467 202 23
000090.jpg 142 839 280 1023 1 307 218 367 299 2 235 550 326 676 3 700 369 761 452 4 1217 383 1286 470 5 1553 558 1638 661 6 635 633 738 752 7 1197 521 1285 639 8 522 238 575 306 9 1110 146 1156 211 10 1359 281 1414 352 11 756 183 804 247 12 1159 251 1213 323 13 1287 115 1330 177 14 1510 441 1575 520 15 728 242 784 325 16 624 943 754 1077 17 1572 292 1636 371 18 395 396 475 487 19 1407 807 1545 941 20 1282 208 1326 261 21 505 121 548 175 22 1429 147 1468 202 23
000091.jpg 142 840 279 1023 1 306 219 365 301 2 235 552 327 676 3 700 370 761 452 4 1218 383 1286 469 5 1553 558 1638 661 6 636 632 738 746 7 1196 514 1286 634 8 523 237 575 305 9 1110 146 1156 211 10 1359 281 1414 352 11 755 182 804 247 12 1158 254 1210 325 13 1287 115 1330 177 14 1509 440 1575 524 15 730 244 788 327 16 625 943 752 1077 17 1573 292 1636 371 18 395 398 473 487 19 1415 809 1544 938 20 1283 208 1325 261 21 505 122 548 176 22 1430 147 1469 200 23
000092.jpg 142 841 279 1022 1 305 220 364 301 2 237 552 328 676 3 699 370 762 452 4 1218 382 1286 467 5 1553 558 1638 661 6 636 633 739 744 7 1195 511 1284 634 8 523 237 574 305 9 1110 146 1156 210 10 1359 281 1414 352 11 756 183 805 246 12 1160 251 1214 325 13 1287 115 1330 177 14 1510 440 1575 521 15 731 244 789 330 16 624 943 752 1078 17 1573 291 1636 369 18 395 398 474 488 19 1414 813 1543 938 20 1282 206 1326 260 21 506 123 547 177 22 1430 147 1469 200 23
000093.jpg 142 840 279 1023 1 304 219 364 303 2 236 552 329 677 3 699 369 762 451 4 1218 383 1286 469 5 1553 558 1638 661 6 636 631 737 752 7 1196 512 1285 633 8 523 237 573 304 9 1110 146 1156 210 10 1358 282 1412 352 11 757 182 805 246 12 1161 252 1214 326 13 1287 116 1330 176 14 1510 440 1576 521 15 733 245 790 326 16 625 942 754 1079 17 1572 293 1637 367 18 395 397 473 486 19 1410 812 1545 938 20 1282 207 1326 261 21 505 123 548 176 22 1429 146 1467 201 23
000094.jpg 141 839 279 1023 1 302 221 363 304 2 234 552 326 676 3 699 369 762 452 4 1218 381 1286 468 5 1553 557 1638 662 6 638 630 738 751 7 1196 511 1284 631 8 524 237 573 305 9 1110 146 1156 210 10 1358 281 1412 352 11 757 181 804 244 12 1161 252 1215 326 13 1287 116 1330 176 14 1510 440 1575 521 15 735 245 791 329 16 623 943 753 1079 17 1573 291 1636 369 18 394 398 473 486 19 1411 807 1544 943 20 1282 206 1326 261 21 505 122 547 175 22 1429 145 1467 198 23
000095.jpg 141 840 279 1023 1 299 221 362 306 2 235 552 325 676 3 699 369 762 452 4 1217 384 1287 470 5 1555 555 1640 661 6 635 628 737 751 7 1197 509 1285 629 8 523 237 575 306 9 1111 147 1158 210 10 1359 282 1414 353 11 759 180 806 242 12 1161 252 1215 327 13 1287 116 1330 176 14 1511 441 1576 521 15 736 246 797 330 16 622 942 753 1079 17 1574 293 1635 370 18 394 398 472 488 19 1412 806 1541 939 20 1282 207 1326 260 21 505 121 547 174 22 1428 146 1467 201 23
000096.jpg 141 840 279 1023 1 299 221 362 305 2 236 553 328 677 3 700 369 761 452 4 1218 384 1285 470 5 1555 555 1640 660 6 635 628 737 753 7 1197 509 1282 626 8 522 237 575 306 9 1110 147 1156 210 10 1359 281 1414 353 11 759 180 806 242 12 1161 252 1215 326 13 1287 116 1330 176 14 1511 441 1576 520 15 736 249 798 333 16 622 942 753 1079 17 1572 293 1633 368 18 391 395 474 490 19 1407 811 1545 943 20 1282 207 1326 260 21 505 121 548 176 22 1430 149 1467 201 23
000097.jpg 141 840 279 1023 1 298 221 361 307 2 234 553 326 677 3 699 368 762 454 4 1218 383 1286 469 5 1552 557 1639 662 6 635 626 738 750 7 1196 507 1285 625 8 522 237 575 306 9 1110 146 1156 210 10 1359 280 1413 351 11 760 180 806 242 12 1161 252 1215 323 13 1287 115 1330 177 14 1510 443 1574 526 15 740 246 801 332 16 621 943 753 1079 17 1573 292 1636 371 18 394 398 472 488 19 1411 812 1544 949 20 1281 206 1325 260 21 505 120 548 175 22 1430 147 1469 201 23
000098.jpg 141 840 279 1023 1 298 223 360 307 2 234 552 326 677 3 699 370 762 452 4 1218 382 1286 469 5 1554 558 1639 661 6 638 625 738 750 7 1196 508 1285 624 8 523 237 575 306 9 1110 148 1156 210 10 1359 280 1412 350 11 761 180 807 242 12 1161 252 1215 324 13 1287 116 1330 176 14 1510 443 1574 526 15 741 245 804 330 16 622 943 752 1079 17 1573 291 1636 373 18 390 396 476 489 19 1417 807 1546 953 20 1281 206 1325 259 21 505 121 547 175 22 1429 147 1466 200 23
000099.jpg 141 840 279 1023 1 298 223 360 307 2 233 552 326 676 3 699 370 762 452 4 1216 382 1284 469 5 1552 557 1639 662 6 638 624 738 750 7 1196 506 1286 623 8 522 238 575 306 9 1110 149 1156 210 10 1357 279 1412 349 11 761 180 807 244 12 1160 252 1215 327 13 1287 116 1330 176 14 1511 441 1577 519 15 742 245 804 330 16 622 942 753 1079 17 1573 291 1636 373 18 390 396 476 489 19 1424 810 1547 959 20 1283 207 1325 260 21 505 121 548 176 22 1429 148 1466 200 23
